AssetId,Phase,window_start_utc,DateKeyUtc,TimeKeyUtc,WindowStartLocal,HourLocal,DateLocal,Energy_kWh_15m,Demand_kW,AvgPower_kW_15m,Minutes,SecondsObserved,DataCoveragePct,IsReliableWindow,SecondsReliable,ReliableCoveragePct
p_l,L1,2025-06-30 00:00:00,20250630,0,2025-06-30 01:00:00,1,2025-06-30,0.186935822222222,0.747743288888889,0.747743288888889,15.000000000000000,900.000000000000000,100.000000000000000,1,900.000000000000000,100.000000000000000
p_l,L2,2025-06-30 00:00:00,20250630,0,2025-06-30 01:00:00,1,2025-06-30,0.145704375000000,0.582817500000000,0.582817500000001,15.000000000000000,900.000000000000000,100.000000000000000,1,900.000000000000000,100.000000000000000
p_l,L3,2025-06-30 00:00:00,20250630,0,2025-06-30 01:00:00,1,2025-06-30,0.180422577777778,0.721690311111111,0.721690311111112,15.000000000000000,900.000000000000000,100.000000000000000,1,900.000000000000000,100.000000000000000
p_l,ALL,2025-06-30 00:00:00,20250630,0,2025-06-30 01:00:00,1,2025-06-30,0.513062775000000,2.052251099999999,0.684083700000001,15.000000000000000,900.000000000000000,100.000000000000000,1,900.000000000000000,100.000000000000000
p_l,L1,2025-06-30 00:15:00,20250630,1500,2025-06-30 01:15:00,1,2025-06-30,0.182261097222222,0.729044388888889,0.729044388888889,15.000000000000000,900.000000000000000,100.000000000000000,1,900.000000000000000,100.000000000000000
p_l,L2,2025-06-30 00:15:00,20250630,1500,2025-06-30 01:15:00,1,2025-06-30,0.142716091666667,0.570864366666666,0.570864366666668,15.000000000000000,900.000000000000000,100.000000000000000,1,900.000000000000000,100.000000000000000
p_l,L3,2025-06-30 00:15:00,20250630,1500,2025-06-30 01:15:00,1,2025-06-30,0.176757930555555,0.707031722222222,0.707031722222223,15.000000000000000,900.000000000000000,100.000000000000000,1,900.000000000000000,100.000000000000000
p_l,ALL,2025-06-30 00:15:00,20250630,1500,2025-06-30 01:15:00,1,2025-06-30,0.501735119444444,2.006940477777777,0.668980159259260,15.000000000000000,900.000000000000000,100.000000000000000,1,900.000000000000000,100.000000000000000
p_l,L1,2025-06-30 00:30:00,20250630,3000,2025-06-30 01:30:00,1,2025-06-30,0.204030952777778,0.816123811111111,0.816123811111111,15.000000000000000,900.000000000000000,100.000000000000000,1,900.000000000000000,100.000000000000000
p_l,L2,2025-06-30 00:30:00,20250630,3000,2025-06-30 01:30:00,1,2025-06-30,0.164565527777778,0.658262111111111,0.658262111111111,15.000000000000000,900.000000000000000,100.000000000000000,1,900.000000000000000,100.000000000000000
p_l,L3,2025-06-30 00:30:00,20250630,3000,2025-06-30 01:30:00,1,2025-06-30,0.196417636111111,0.785670544444444,0.785670544444445,15.000000000000000,900.000000000000000,100.000000000000000,1,900.000000000000000,100.000000000000000
p_l,ALL,2025-06-30 00:30:00,20250630,3000,2025-06-30 01:30:00,1,2025-06-30,0.565014116666667,2.260056466666667,0.753352155555556,15.000000000000000,900.000000000000000,100.000000000000000,1,900.000000000000000,100.000000000000000
p_l,L1,2025-06-30 00:45:00,20250630,4500,2025-06-30 01:45:00,1,2025-06-30,0.183662897222222,0.734651588888889,0.734651588888889,15.000000000000000,900.000000000000000,100.000000000000000,1,900.000000000000000,100.000000000000000
p_l,L2,2025-06-30 00:45:00,20250630,4500,2025-06-30 01:45:00,1,2025-06-30,0.144534613888889,0.578138455555556,0.578138455555557,15.000000000000000,900.000000000000000,100.000000000000000,1,900.000000000000000,100.000000000000000
p_l,L3,2025-06-30 00:45:00,20250630,4500,2025-06-30 01:45:00,1,2025-06-30,0.178439722222222,0.713758888888888,0.713758888888890,15.000000000000000,900.000000000000000,100.000000000000000,1,900.000000000000000,100.000000000000000
p_l,ALL,2025-06-30 00:45:00,20250630,4500,2025-06-30 01:45:00,1,2025-06-30,0.506637233333333,2.026548933333333,0.675516311111112,15.000000000000000,900.000000000000000,100.000000000000000,1,900.000000000000000,100.000000000000000
p_l,L1,2025-06-30 01:00:00,20250630,10000,2025-06-30 02:00:00,2,2025-06-30,0.177593772222222,0.710375088888889,0.710375088888889,15.000000000000000,900.000000000000000,100.000000000000000,1,900.000000000000000,100.000000000000000
p_l,L2,2025-06-30 01:00:00,20250630,10000,2025-06-30 02:00:00,2,2025-06-30,0.136623327777778,0.546493311111111,0.546493311111111,15.000000000000000,900.000000000000000,100.000000000000000,1,900.000000000000000,100.000000000000000
p_l,L3,2025-06-30 01:00:00,20250630,10000,2025-06-30 02:00:00,2,2025-06-30,0.170205122222222,0.680820488888888,0.680820488888890,15.000000000000000,900.000000000000000,100.000000000000000,1,900.000000000000000,100.000000000000000
p_l,ALL,2025-06-30 01:00:00,20250630,10000,2025-06-30 02:00:00,2,2025-06-30,0.484422222222222,1.937688888888889,0.645896296296296,15.000000000000000,900.000000000000000,100.000000000000000,1,900.000000000000000,100.000000000000000
p_l,L1,2025-06-30 01:15:00,20250630,11500,2025-06-30 02:15:00,2,2025-06-30,0.202251011111111,0.809004044444445,0.809004044444445,15.000000000000000,900.000000000000000,100.000000000000000,1,900.000000000000000,100.000000000000000
p_l,L2,2025-06-30 01:15:00,20250630,11500,2025-06-30 02:15:00,2,2025-06-30,0.157066441666667,0.628265766666667,0.628265766666667,15.000000000000000,900.000000000000000,100.000000000000000,1,900.000000000000000,100.000000000000000
p_l,L3,2025-06-30 01:15:00,20250630,11500,2025-06-30 02:15:00,2,2025-06-30,0.194441463888889,0.777765855555556,0.777765855555557,15.000000000000000,900.000000000000000,100.000000000000000,1,900.000000000000000,100.000000000000000
p_l,ALL,2025-06-30 01:15:00,20250630,11500,2025-06-30 02:15:00,2,2025-06-30,0.553758916666667,2.215035666666668,0.738345222222223,15.000000000000000,900.000000000000000,100.000000000000000,1,900.000000000000000,100.000000000000000
p_l,L1,2025-06-30 01:30:00,20250630,13000,2025-06-30 02:30:00,2,2025-06-30,0.216817363888889,0.867269455555555,0.867269455555556,15.000000000000000,900.000000000000000,100.000000000000000,1,900.000000000000000,100.000000000000000
p_l,L2,2025-06-30 01:30:00,20250630,13000,2025-06-30 02:30:00,2,2025-06-30,0.171708611111111,0.686834444444445,0.686834444444445,15.000000000000000,900.000000000000000,100.000000000000000,1,900.000000000000000,100.000000000000000
p_l,L3,2025-06-30 01:30:00,20250630,13000,2025-06-30 02:30:00,2,2025-06-30,0.206426730555556,0.825706922222223,0.825706922222223,15.000000000000000,900.000000000000000,100.000000000000000,1,900.000000000000000,100.000000000000000
p_l,ALL,2025-06-30 01:30:00,20250630,13000,2025-06-30 02:30:00,2,2025-06-30,0.594952705555556,2.379810822222223,0.793270274074074,15.000000000000000,900.000000000000000,100.000000000000000,1,900.000000000000000,100.000000000000000
p_l,L1,2025-06-30 01:45:00,20250630,14500,2025-06-30 02:45:00,2,2025-06-30,0.175997233333333,0.703988933333334,0.703988933333333,15.000000000000000,900.000000000000000,100.000000000000000,1,900.000000000000000,100.000000000000000
p_l,L2,2025-06-30 01:45:00,20250630,14500,2025-06-30 02:45:00,2,2025-06-30,0.142889686111111,0.571558744444445,0.571558744444445,15.000000000000000,900.000000000000000,100.000000000000000,1,900.000000000000000,100.000000000000000
p_l,L3,2025-06-30 01:45:00,20250630,14500,2025-06-30 02:45:00,2,2025-06-30,0.170342058333333,0.681368233333333,0.681368233333334,15.000000000000000,900.000000000000000,100.000000000000000,1,900.000000000000000,100.000000000000000
p_l,ALL,2025-06-30 01:45:00,20250630,14500,2025-06-30 02:45:00,2,2025-06-30,0.489228977777778,1.956915911111111,0.652305303703704,15.000000000000000,900.000000000000000,100.000000000000000,1,900.000000000000000,100.000000000000000
p_l,L1,2025-06-30 02:00:00,20250630,20000,2025-06-30 03:00:00,3,2025-06-30,0.185947172222222,0.743788688888889,0.743788688888889,15.000000000000000,900.000000000000000,100.000000000000000,1,900.000000000000000,100.000000000000000
p_l,L2,2025-06-30 02:00:00,20250630,20000,2025-06-30 03:00:00,3,2025-06-30,0.142418297222222,0.569673188888888,0.569673188888890,15.000000000000000,900.000000000000000,100.000000000000000,1,900.000000000000000,100.000000000000000
p_l,L3,2025-06-30 02:00:00,20250630,20000,2025-06-30 03:00:00,3,2025-06-30,0.179359191666667,0.717436766666666,0.717436766666669,15.000000000000000,900.000000000000000,100.000000000000000,1,900.000000000000000,100.000000000000000
p_l,ALL,2025-06-30 02:00:00,20250630,20000,2025-06-30 03:00:00,3,2025-06-30,0.507724661111111,2.030898644444443,0.676966214814816,15.000000000000000,900.000000000000000,100.000000000000000,1,900.000000000000000,100.000000000000000
p_l,L1,2025-06-30 02:15:00,20250630,21500,2025-06-30 03:15:00,3,2025-06-30,0.190790708333333,0.763162833333333,0.763162833333333,15.000000000000000,900.000000000000000,100.000000000000000,1,900.000000000000000,100.000000000000000
p_l,L2,2025-06-30 02:15:00,20250630,21500,2025-06-30 03:15:00,3,2025-06-30,0.145772091666667,0.583088366666666,0.583088366666667,15.000000000000000,900.000000000000000,100.000000000000000,1,900.000000000000000,100.000000000000000
p_l,L3,2025-06-30 02:15:00,20250630,21500,2025-06-30 03:15:00,3,2025-06-30,0.181402088888889,0.725608355555556,0.725608355555557,15.000000000000000,900.000000000000000,100.000000000000000,1,900.000000000000000,100.000000000000000
p_l,ALL,2025-06-30 02:15:00,20250630,21500,2025-06-30 03:15:00,3,2025-06-30,0.517964888888889,2.071859555555556,0.690619851851852,15.000000000000000,900.000000000000000,100.000000000000000,1,900.000000000000000,100.000000000000000
p_l,L1,2025-06-30 02:30:00,20250630,23000,2025-06-30 03:30:00,3,2025-06-30,0.186270963888889,0.745083855555556,0.745083855555556,15.000000000000000,900.000000000000000,100.000000000000000,1,900.000000000000000,100.000000000000000
p_l,L2,2025-06-30 02:30:00,20250630,23000,2025-06-30 03:30:00,3,2025-06-30,0.147360033333333,0.589440133333333,0.589440133333333,15.000000000000000,900.000000000000000,100.000000000000000,1,900.000000000000000,100.000000000000000
p_l,L3,2025-06-30 02:30:00,20250630,23000,2025-06-30 03:30:00,3,2025-06-30,0.179588800000000,0.718355200000000,0.718355200000002,15.000000000000000,900.000000000000000,100.000000000000000,1,900.000000000000000,100.000000000000000
p_l,ALL,2025-06-30 02:30:00,20250630,23000,2025-06-30 03:30:00,3,2025-06-30,0.513219797222222,2.052879188888889,0.684293062962964,15.000000000000000,900.000000000000000,100.000000000000000,1,900.000000000000000,100.000000000000000
p_l,L1,2025-06-30 02:45:00,20250630,24500,2025-06-30 03:45:00,3,2025-06-30,0.207854172222222,0.831416688888889,0.831416688888889,15.000000000000000,900.000000000000000,100.000000000000000,1,900.000000000000000,100.000000000000000
p_l,L2,2025-06-30 02:45:00,20250630,24500,2025-06-30 03:45:00,3,2025-06-30,0.163244925000000,0.652979699999999,0.652979700000001,15.000000000000000,900.000000000000000,100.000000000000000,1,900.000000000000000,100.000000000000000
p_l,L3,2025-06-30 02:45:00,20250630,24500,2025-06-30 03:45:00,3,2025-06-30,0.201328066666667,0.805312266666667,0.805312266666667,15.000000000000000,900.000000000000000,100.000000000000000,1,900.000000000000000,100.000000000000000
p_l,ALL,2025-06-30 02:45:00,20250630,24500,2025-06-30 03:45:00,3,2025-06-30,0.572427163888889,2.289708655555555,0.763236218518519,15.000000000000000,900.000000000000000,100.000000000000000,1,900.000000000000000,100.000000000000000
p_l,L1,2025-06-30 03:00:00,20250630,30000,2025-06-30 04:00:00,4,2025-06-30,0.175576050000000,0.702304200000000,0.702304200000000,15.000000000000000,900.000000000000000,100.000000000000000,1,900.000000000000000,100.000000000000000
p_l,L2,2025-06-30 03:00:00,20250630,30000,2025-06-30 04:00:00,4,2025-06-30,0.132809733333333,0.531238933333334,0.531238933333334,15.000000000000000,900.000000000000000,100.000000000000000,1,900.000000000000000,100.000000000000000
p_l,L3,2025-06-30 03:00:00,20250630,30000,2025-06-30 04:00:00,4,2025-06-30,0.171687555555556,0.686750222222222,0.686750222222223,15.000000000000000,900.000000000000000,100.000000000000000,1,900.000000000000000,100.000000000000000
p_l,ALL,2025-06-30 03:00:00,20250630,30000,2025-06-30 04:00:00,4,2025-06-30,0.480073338888889,1.920293355555556,0.640097785185186,15.000000000000000,900.000000000000000,100.000000000000000,1,900.000000000000000,100.000000000000000
p_l,L1,2025-06-30 03:15:00,20250630,31500,2025-06-30 04:15:00,4,2025-06-30,0.203301230555555,0.813204922222222,0.813204922222223,15.000000000000000,900.000000000000000,100.000000000000000,1,900.000000000000000,100.000000000000000
p_l,L2,2025-06-30 03:15:00,20250630,31500,2025-06-30 04:15:00,4,2025-06-30,0.164674077777778,0.658696311111112,0.658696311111113,15.000000000000000,900.000000000000000,100.000000000000000,1,900.000000000000000,100.000000000000000
p_l,L3,2025-06-30 03:15:00,20250630,31500,2025-06-30 04:15:00,4,2025-06-30,0.195548083333334,0.782192333333334,0.782192333333333,15.000000000000000,900.000000000000000,100.000000000000000,1,900.000000000000000,100.000000000000000
p_l,ALL,2025-06-30 03:15:00,20250630,31500,2025-06-30 04:15:00,4,2025-06-30,0.563523391666667,2.254093566666668,0.751364522222223,15.000000000000000,900.000000000000000,100.000000000000000,1,900.000000000000000,100.000000000000000
p_l,L1,2025-06-30 03:30:00,20250630,33000,2025-06-30 04:30:00,4,2025-06-30,0.201288394444445,0.805153577777778,0.805153577777778,15.000000000000000,900.000000000000000,100.000000000000000,1,900.000000000000000,100.000000000000000
p_l,L2,2025-06-30 03:30:00,20250630,33000,2025-06-30 04:30:00,4,2025-06-30,0.154024488888889,0.616097955555555,0.616097955555556,15.000000000000000,900.000000000000000,100.000000000000000,1,900.000000000000000,100.000000000000000
p_l,L3,2025-06-30 03:30:00,20250630,33000,2025-06-30 04:30:00,4,2025-06-30,0.192880208333333,0.771520833333334,0.771520833333335,15.000000000000000,900.000000000000000,100.000000000000000,1,900.000000000000000,100.000000000000000
p_l,ALL,2025-06-30 03:30:00,20250630,33000,2025-06-30 04:30:00,4,2025-06-30,0.548193091666667,2.192772366666667,0.730924122222223,15.000000000000000,900.000000000000000,100.000000000000000,1,900.000000000000000,100.000000000000000
p_l,L1,2025-06-30 03:45:00,20250630,34500,2025-06-30 04:45:00,4,2025-06-30,0.186800763888889,0.747203055555556,0.747203055555555,15.000000000000000,900.000000000000000,100.000000000000000,1,900.000000000000000,100.000000000000000
p_l,L2,2025-06-30 03:45:00,20250630,34500,2025-06-30 04:45:00,4,2025-06-30,0.147322183333333,0.589288733333334,0.589288733333334,15.000000000000000,900.000000000000000,100.000000000000000,1,900.000000000000000,100.000000000000000
p_l,L3,2025-06-30 03:45:00,20250630,34500,2025-06-30 04:45:00,4,2025-06-30,0.176900258333333,0.707601033333333,0.707601033333333,15.000000000000000,900.000000000000000,100.000000000000000,1,900.000000000000000,100.000000000000000
p_l,ALL,2025-06-30 03:45:00,20250630,34500,2025-06-30 04:45:00,4,2025-06-30,0.511023205555556,2.044092822222223,0.681364274074074,15.000000000000000,900.000000000000000,100.000000000000000,1,900.000000000000000,100.000000000000000
p_l,L1,2025-06-30 04:00:00,20250630,40000,2025-06-30 05:00:00,5,2025-06-30,0.194528483333333,0.778113933333333,0.778113933333333,15.000000000000000,900.000000000000000,100.000000000000000,1,900.000000000000000,100.000000000000000
p_l,L2,2025-06-30 04:00:00,20250630,40000,2025-06-30 05:00:00,5,2025-06-30,0.150694683333333,0.602778733333334,0.602778733333334,15.000000000000000,900.000000000000000,100.000000000000000,1,900.000000000000000,100.000000000000000
p_l,L3,2025-06-30 04:00:00,20250630,40000,2025-06-30 05:00:00,5,2025-06-30,0.187312605555556,0.749250422222222,0.749250422222223,15.000000000000000,900.000000000000000,100.000000000000000,1,900.000000000000000,100.000000000000000
p_l,ALL,2025-06-30 04:00:00,20250630,40000,2025-06-30 05:00:00,5,2025-06-30,0.532535772222222,2.130143088888889,0.710047696296297,15.000000000000000,900.000000000000000,100.000000000000000,1,900.000000000000000,100.000000000000000
p_l,L1,2025-06-30 04:15:00,20250630,41500,2025-06-30 05:15:00,5,2025-06-30,0.179799019444444,0.719196077777777,0.719196077777778,15.000000000000000,900.000000000000000,100.000000000000000,1,900.000000000000000,100.000000000000000
p_l,L2,2025-06-30 04:15:00,20250630,41500,2025-06-30 05:15:00,5,2025-06-30,0.140575000000000,0.562300000000000,0.562300000000000,15.000000000000000,900.000000000000000,100.000000000000000,1,900.000000000000000,100.000000000000000
p_l,L3,2025-06-30 04:15:00,20250630,41500,2025-06-30 05:15:00,5,2025-06-30,0.171551897222222,0.686207588888890,0.686207588888890,15.000000000000000,900.000000000000000,100.000000000000000,1,900.000000000000000,100.000000000000000
p_l,ALL,2025-06-30 04:15:00,20250630,41500,2025-06-30 05:15:00,5,2025-06-30,0.491925916666667,1.967703666666667,0.655901222222223,15.000000000000000,900.000000000000000,100.000000000000000,1,900.000000000000000,100.000000000000000
p_l,L1,2025-06-30 04:30:00,20250630,43000,2025-06-30 05:30:00,5,2025-06-30,0.200723352777778,0.802893411111111,0.802893411111112,15.000000000000000,900.000000000000000,100.000000000000000,1,900.000000000000000,100.000000000000000
p_l,L2,2025-06-30 04:30:00,20250630,43000,2025-06-30 05:30:00,5,2025-06-30,0.160871583333333,0.643486333333333,0.643486333333334,15.000000000000000,900.000000000000000,100.000000000000000,1,900.000000000000000,100.000000000000000
p_l,L3,2025-06-30 04:30:00,20250630,43000,2025-06-30 05:30:00,5,2025-06-30,0.193536850000000,0.774147400000000,0.774147400000001,15.000000000000000,900.000000000000000,100.000000000000000,1,900.000000000000000,100.000000000000000
p_l,ALL,2025-06-30 04:30:00,20250630,43000,2025-06-30 05:30:00,5,2025-06-30,0.555131786111111,2.220527144444444,0.740175714814815,15.000000000000000,900.000000000000000,100.000000000000000,1,900.000000000000000,100.000000000000000
p_l,L1,2025-06-30 04:45:00,20250630,44500,2025-06-30 05:45:00,5,2025-06-30,1.495493775000000,5.981975099999999,5.981975099999999,15.000000000000000,900.000000000000000,100.000000000000000,1,900.000000000000000,100.000000000000000
p_l,L2,2025-06-30 04:45:00,20250630,44500,2025-06-30 05:45:00,5,2025-06-30,1.417251641666667,5.669006566666668,5.669006566666668,15.000000000000000,900.000000000000000,100.000000000000000,1,900.000000000000000,100.000000000000000
p_l,L3,2025-06-30 04:45:00,20250630,44500,2025-06-30 05:45:00,5,2025-06-30,1.466756836111111,5.867027344444443,5.867027344444441,15.000000000000000,900.000000000000000,100.000000000000000,1,900.000000000000000,100.000000000000000
p_l,ALL,2025-06-30 04:45:00,20250630,44500,2025-06-30 05:45:00,5,2025-06-30,4.379502252777778,17.518009011111111,5.839336337037036,15.000000000000000,900.000000000000000,100.000000000000000,1,900.000000000000000,100.000000000000000
p_l,L1,2025-06-30 05:00:00,20250630,50000,2025-06-30 06:00:00,6,2025-06-30,2.156479861111110,8.625919444444442,8.625919444444444,15.000000000000000,900.000000000000000,100.000000000000000,1,900.000000000000000,100.000000000000000
p_l,L2,2025-06-30 05:00:00,20250630,50000,2025-06-30 06:00:00,6,2025-06-30,2.033565013888889,8.134260055555558,8.134260055555560,15.000000000000000,900.000000000000000,100.000000000000000,1,900.000000000000000,100.000000000000000
p_l,L3,2025-06-30 05:00:00,20250630,50000,2025-06-30 06:00:00,6,2025-06-30,2.100570961111111,8.402283844444444,8.402283844444447,15.000000000000000,900.000000000000000,100.000000000000000,1,900.000000000000000,100.000000000000000
p_l,ALL,2025-06-30 05:00:00,20250630,50000,2025-06-30 06:00:00,6,2025-06-30,6.290615836111111,25.162463344444443,8.387487781481484,15.000000000000000,900.000000000000000,100.000000000000000,1,900.000000000000000,100.000000000000000
p_l,L1,2025-06-30 05:15:00,20250630,51500,2025-06-30 06:15:00,6,2025-06-30,2.191985255555556,8.767941022222224,8.767941022222224,15.000000000000000,900.000000000000000,100.000000000000000,1,900.000000000000000,100.000000000000000
p_l,L2,2025-06-30 05:15:00,20250630,51500,2025-06-30 06:15:00,6,2025-06-30,2.019637683333332,8.078550733333330,8.078550733333337,15.000000000000000,900.000000000000000,100.000000000000000,1,900.000000000000000,100.000000000000000
p_l,L3,2025-06-30 05:15:00,20250630,51500,2025-06-30 06:15:00,6,2025-06-30,2.135974288888887,8.543897155555547,8.543897155555547,15.000000000000000,900.000000000000000,100.000000000000000,1,900.000000000000000,100.000000000000000
p_l,ALL,2025-06-30 05:15:00,20250630,51500,2025-06-30 06:15:00,6,2025-06-30,6.347597227777776,25.390388911111103,8.463462970370369,15.000000000000000,900.000000000000000,100.000000000000000,1,900.000000000000000,100.000000000000000
p_l,L1,2025-06-30 05:30:00,20250630,53000,2025-06-30 06:30:00,6,2025-06-30,2.164377875000000,8.657511499999998,8.657511500000005,15.000000000000000,900.000000000000000,100.000000000000000,1,900.000000000000000,100.000000000000000
p_l,L2,2025-06-30 05:30:00,20250630,53000,2025-06-30 06:30:00,6,2025-06-30,2.047039261111109,8.188157044444438,8.188157044444447,15.000000000000000,900.000000000000000,100.000000000000000,1,900.000000000000000,100.000000000000000
p_l,L3,2025-06-30 05:30:00,20250630,53000,2025-06-30 06:30:00,6,2025-06-30,2.112505180555556,8.450020722222224,8.450020722222222,15.000000000000000,900.000000000000000,100.000000000000000,1,900.000000000000000,100.000000000000000
p_l,ALL,2025-06-30 05:30:00,20250630,53000,2025-06-30 06:30:00,6,2025-06-30,6.323922316666665,25.295689266666660,8.431896422222223,15.000000000000000,900.000000000000000,100.000000000000000,1,900.000000000000000,100.000000000000000
p_l,L1,2025-06-30 05:45:00,20250630,54500,2025-06-30 06:45:00,6,2025-06-30,2.205408349999999,8.821633399999998,8.821633400000000,15.000000000000000,900.000000000000000,100.000000000000000,1,900.000000000000000,100.000000000000000
p_l,L2,2025-06-30 05:45:00,20250630,54500,2025-06-30 06:45:00,6,2025-06-30,2.076770794444444,8.307083177777775,8.307083177777780,15.000000000000000,900.000000000000000,100.000000000000000,1,900.000000000000000,100.000000000000000
p_l,L3,2025-06-30 05:45:00,20250630,54500,2025-06-30 06:45:00,6,2025-06-30,2.175345486111110,8.701381944444440,8.701381944444435,15.000000000000000,900.000000000000000,100.000000000000000,1,900.000000000000000,100.000000000000000
p_l,ALL,2025-06-30 05:45:00,20250630,54500,2025-06-30 06:45:00,6,2025-06-30,6.457524630555554,25.830098522222215,8.610032840740738,15.000000000000000,900.000000000000000,100.000000000000000,1,900.000000000000000,100.000000000000000
p_l,L1,2025-06-30 06:00:00,20250630,60000,2025-06-30 07:00:00,7,2025-06-30,2.211052233333333,8.844208933333332,8.844208933333334,15.000000000000000,900.000000000000000,100.000000000000000,1,900.000000000000000,100.000000000000000
p_l,L2,2025-06-30 06:00:00,20250630,60000,2025-06-30 07:00:00,7,2025-06-30,2.043359530555557,8.173438122222226,8.173438122222228,15.000000000000000,900.000000000000000,100.000000000000000,1,900.000000000000000,100.000000000000000
p_l,L3,2025-06-30 06:00:00,20250630,60000,2025-06-30 07:00:00,7,2025-06-30,2.187191941666667,8.748767766666667,8.748767766666663,15.000000000000000,900.000000000000000,100.000000000000000,1,900.000000000000000,100.000000000000000
p_l,ALL,2025-06-30 06:00:00,20250630,60000,2025-06-30 07:00:00,7,2025-06-30,6.441603705555556,25.766414822222224,8.588804940740742,15.000000000000000,900.000000000000000,100.000000000000000,1,900.000000000000000,100.000000000000000
p_l,L1,2025-06-30 06:15:00,20250630,61500,2025-06-30 07:15:00,7,2025-06-30,2.170570966666666,8.682283866666664,8.682283866666667,15.000000000000000,900.000000000000000,100.000000000000000,1,900.000000000000000,100.000000000000000
p_l,L2,2025-06-30 06:15:00,20250630,61500,2025-06-30 07:15:00,7,2025-06-30,2.005581747222222,8.022326988888887,8.022326988888890,15.000000000000000,900.000000000000000,100.000000000000000,1,900.000000000000000,100.000000000000000
p_l,L3,2025-06-30 06:15:00,20250630,61500,2025-06-30 07:15:00,7,2025-06-30,2.167325175000001,8.669300700000004,8.669300699999997,15.000000000000000,900.000000000000000,100.000000000000000,1,900.000000000000000,100.000000000000000
p_l,ALL,2025-06-30 06:15:00,20250630,61500,2025-06-30 07:15:00,7,2025-06-30,6.343477888888889,25.373911555555555,8.457970518518518,15.000000000000000,900.000000000000000,100.000000000000000,1,900.000000000000000,100.000000000000000
p_l,L1,2025-06-30 06:30:00,20250630,63000,2025-06-30 07:30:00,7,2025-06-30,2.142187386111112,8.568749544444447,8.568749544444438,15.000000000000000,900.000000000000000,100.000000000000000,1,900.000000000000000,100.000000000000000
p_l,L2,2025-06-30 06:30:00,20250630,63000,2025-06-30 07:30:00,7,2025-06-30,2.004497436111112,8.017989744444447,8.017989744444440,15.000000000000000,900.000000000000000,100.000000000000000,1,900.000000000000000,100.000000000000000
p_l,L3,2025-06-30 06:30:00,20250630,63000,2025-06-30 07:30:00,7,2025-06-30,2.122496250000001,8.489985000000003,8.489984999999995,15.000000000000000,900.000000000000000,100.000000000000000,1,900.000000000000000,100.000000000000000
p_l,ALL,2025-06-30 06:30:00,20250630,63000,2025-06-30 07:30:00,7,2025-06-30,6.269181072222224,25.076724288888897,8.358908096296291,15.000000000000000,900.000000000000000,100.000000000000000,1,900.000000000000000,100.000000000000000
p_l,L1,2025-06-30 06:45:00,20250630,64500,2025-06-30 07:45:00,7,2025-06-30,2.121705038888889,8.486820155555554,8.486820155555552,15.000000000000000,900.000000000000000,100.000000000000000,1,900.000000000000000,100.000000000000000
p_l,L2,2025-06-30 06:45:00,20250630,64500,2025-06-30 07:45:00,7,2025-06-30,1.967282649999999,7.869130599999997,7.869130600000003,15.000000000000000,900.000000000000000,100.000000000000000,1,900.000000000000000,100.000000000000000
p_l,L3,2025-06-30 06:45:00,20250630,64500,2025-06-30 07:45:00,7,2025-06-30,2.095469911111112,8.381879644444449,8.381879644444441,15.000000000000000,900.000000000000000,100.000000000000000,1,900.000000000000000,100.000000000000000
p_l,ALL,2025-06-30 06:45:00,20250630,64500,2025-06-30 07:45:00,7,2025-06-30,6.184457600000000,24.737830400000000,8.245943466666665,15.000000000000000,900.000000000000000,100.000000000000000,1,900.000000000000000,100.000000000000000
p_l,L1,2025-06-30 07:00:00,20250630,70000,2025-06-30 08:00:00,8,2025-06-30,2.133680105555557,8.534720422222227,8.534720422222227,15.000000000000000,900.000000000000000,100.000000000000000,1,900.000000000000000,100.000000000000000
p_l,L2,2025-06-30 07:00:00,20250630,70000,2025-06-30 08:00:00,8,2025-06-30,1.960988963888890,7.843955855555560,7.843955855555557,15.000000000000000,900.000000000000000,100.000000000000000,1,900.000000000000000,100.000000000000000
p_l,L3,2025-06-30 07:00:00,20250630,70000,2025-06-30 08:00:00,8,2025-06-30,2.093092297222221,8.372369188888884,8.372369188888884,15.000000000000000,900.000000000000000,100.000000000000000,1,900.000000000000000,100.000000000000000
p_l,ALL,2025-06-30 07:00:00,20250630,70000,2025-06-30 08:00:00,8,2025-06-30,6.187761366666667,24.751045466666667,8.250348488888889,15.000000000000000,900.000000000000000,100.000000000000000,1,900.000000000000000,100.000000000000000
p_l,L1,2025-06-30 07:15:00,20250630,71500,2025-06-30 08:15:00,8,2025-06-30,2.171978127777776,8.687912511111104,8.687912511111112,15.000000000000000,900.000000000000000,100.000000000000000,1,900.000000000000000,100.000000000000000
p_l,L2,2025-06-30 07:15:00,20250630,71500,2025-06-30 08:15:00,8,2025-06-30,1.990803377777778,7.963213511111113,7.963213511111105,15.000000000000000,900.000000000000000,100.000000000000000,1,900.000000000000000,100.000000000000000
p_l,L3,2025-06-30 07:15:00,20250630,71500,2025-06-30 08:15:00,8,2025-06-30,2.097927949999999,8.391711799999998,8.391711800000001,15.000000000000000,900.000000000000000,100.000000000000000,1,900.000000000000000,100.000000000000000
p_l,ALL,2025-06-30 07:15:00,20250630,71500,2025-06-30 08:15:00,8,2025-06-30,6.260709455555554,25.042837822222218,8.347612607407408,15.000000000000000,900.000000000000000,100.000000000000000,1,900.000000000000000,100.000000000000000
p_l,L1,2025-06-30 07:30:00,20250630,73000,2025-06-30 08:30:00,8,2025-06-30,2.170371902777778,8.681487611111111,8.681487611111109,15.000000000000000,900.000000000000000,100.000000000000000,1,900.000000000000000,100.000000000000000
p_l,L2,2025-06-30 07:30:00,20250630,73000,2025-06-30 08:30:00,8,2025-06-30,1.968754113888888,7.875016455555554,7.875016455555564,15.000000000000000,900.000000000000000,100.000000000000000,1,900.000000000000000,100.000000000000000
p_l,L3,2025-06-30 07:30:00,20250630,73000,2025-06-30 08:30:00,8,2025-06-30,2.112820799999999,8.451283199999997,8.451283200000001,15.000000000000000,900.000000000000000,100.000000000000000,1,900.000000000000000,100.000000000000000
p_l,ALL,2025-06-30 07:30:00,20250630,73000,2025-06-30 08:30:00,8,2025-06-30,6.251946816666665,25.007787266666661,8.335929088888891,15.000000000000000,900.000000000000000,100.000000000000000,1,900.000000000000000,100.000000000000000
p_l,L1,2025-06-30 07:45:00,20250630,74500,2025-06-30 08:45:00,8,2025-06-30,2.162535550000000,8.650142199999999,8.650142199999992,15.000000000000000,900.000000000000000,100.000000000000000,1,900.000000000000000,100.000000000000000
p_l,L2,2025-06-30 07:45:00,20250630,74500,2025-06-30 08:45:00,8,2025-06-30,1.952687011111111,7.810748044444444,7.810748044444445,15.000000000000000,900.000000000000000,100.000000000000000,1,900.000000000000000,100.000000000000000
p_l,L3,2025-06-30 07:45:00,20250630,74500,2025-06-30 08:45:00,8,2025-06-30,2.099783313888887,8.399133255555549,8.399133255555556,15.000000000000000,900.000000000000000,100.000000000000000,1,900.000000000000000,100.000000000000000
p_l,ALL,2025-06-30 07:45:00,20250630,74500,2025-06-30 08:45:00,8,2025-06-30,6.215005874999998,24.860023499999993,8.286674499999997,15.000000000000000,900.000000000000000,100.000000000000000,1,900.000000000000000,100.000000000000000
p_l,L1,2025-06-30 08:00:00,20250630,80000,2025-06-30 09:00:00,9,2025-06-30,2.105422180555556,8.421688722222223,8.421688722222221,15.000000000000000,900.000000000000000,100.000000000000000,1,900.000000000000000,100.000000000000000
p_l,L2,2025-06-30 08:00:00,20250630,80000,2025-06-30 09:00:00,9,2025-06-30,1.893488525000000,7.573954100000002,7.573954100000005,15.000000000000000,900.000000000000000,100.000000000000000,1,900.000000000000000,100.000000000000000
p_l,L3,2025-06-30 08:00:00,20250630,80000,2025-06-30 09:00:00,9,2025-06-30,2.026525169444445,8.106100677777778,8.106100677777778,15.000000000000000,900.000000000000000,100.000000000000000,1,900.000000000000000,100.000000000000000
p_l,ALL,2025-06-30 08:00:00,20250630,80000,2025-06-30 09:00:00,9,2025-06-30,6.025435875000001,24.101743500000005,8.033914500000002,15.000000000000000,900.000000000000000,100.000000000000000,1,900.000000000000000,100.000000000000000
p_l,L1,2025-06-30 08:15:00,20250630,81500,2025-06-30 09:15:00,9,2025-06-30,2.247484697222220,8.989938788888880,8.989938788888889,15.000000000000000,900.000000000000000,100.000000000000000,1,900.000000000000000,100.000000000000000
p_l,L2,2025-06-30 08:15:00,20250630,81500,2025-06-30 09:15:00,9,2025-06-30,1.994716397222220,7.978865588888881,7.978865588888883,15.000000000000000,900.000000000000000,100.000000000000000,1,900.000000000000000,100.000000000000000
p_l,L3,2025-06-30 08:15:00,20250630,81500,2025-06-30 09:15:00,9,2025-06-30,2.144855922222221,8.579423688888884,8.579423688888889,15.000000000000000,900.000000000000000,100.000000000000000,1,900.000000000000000,100.000000000000000
p_l,ALL,2025-06-30 08:15:00,20250630,81500,2025-06-30 09:15:00,9,2025-06-30,6.387057016666661,25.548228066666645,8.516076022222220,15.000000000000000,900.000000000000000,100.000000000000000,1,900.000000000000000,100.000000000000000
p_l,L1,2025-06-30 08:30:00,20250630,83000,2025-06-30 09:30:00,9,2025-06-30,2.147703277777778,8.590813111111110,8.590813111111114,15.000000000000000,900.000000000000000,100.000000000000000,1,900.000000000000000,100.000000000000000
p_l,L2,2025-06-30 08:30:00,20250630,83000,2025-06-30 09:30:00,9,2025-06-30,1.948302613888889,7.793210455555554,7.793210455555556,15.000000000000000,900.000000000000000,100.000000000000000,1,900.000000000000000,100.000000000000000
p_l,L3,2025-06-30 08:30:00,20250630,83000,2025-06-30 09:30:00,9,2025-06-30,2.070057269444445,8.280229077777781,8.280229077777781,15.000000000000000,900.000000000000000,100.000000000000000,1,900.000000000000000,100.000000000000000
p_l,ALL,2025-06-30 08:30:00,20250630,83000,2025-06-30 09:30:00,9,2025-06-30,6.166063161111111,24.664252644444446,8.221417548148150,15.000000000000000,900.000000000000000,100.000000000000000,1,900.000000000000000,100.000000000000000
p_l,L1,2025-06-30 08:45:00,20250630,84500,2025-06-30 09:45:00,9,2025-06-30,2.151228972222222,8.604915888888890,8.604915888888893,15.000000000000000,900.000000000000000,100.000000000000000,1,900.000000000000000,100.000000000000000
p_l,L2,2025-06-30 08:45:00,20250630,84500,2025-06-30 09:45:00,9,2025-06-30,1.951892400000001,7.807569600000003,7.807569600000000,15.000000000000000,900.000000000000000,100.000000000000000,1,900.000000000000000,100.000000000000000
p_l,L3,2025-06-30 08:45:00,20250630,84500,2025-06-30 09:45:00,9,2025-06-30,2.068815261111112,8.275261044444447,8.275261044444452,15.000000000000000,900.000000000000000,100.000000000000000,1,900.000000000000000,100.000000000000000
p_l,ALL,2025-06-30 08:45:00,20250630,84500,2025-06-30 09:45:00,9,2025-06-30,6.171936633333335,24.687746533333339,8.229248844444449,15.000000000000000,900.000000000000000,100.000000000000000,1,900.000000000000000,100.000000000000000
p_l,L1,2025-06-30 09:00:00,20250630,90000,2025-06-30 10:00:00,10,2025-06-30,2.187434755555556,8.749739022222222,8.749739022222220,15.000000000000000,900.000000000000000,100.000000000000000,1,900.000000000000000,100.000000000000000
p_l,L2,2025-06-30 09:00:00,20250630,90000,2025-06-30 10:00:00,10,2025-06-30,2.006796138888889,8.027184555555557,8.027184555555555,15.000000000000000,900.000000000000000,100.000000000000000,1,900.000000000000000,100.000000000000000
p_l,L3,2025-06-30 09:00:00,20250630,90000,2025-06-30 10:00:00,10,2025-06-30,2.142275880555556,8.569103522222225,8.569103522222225,15.000000000000000,900.000000000000000,100.000000000000000,1,900.000000000000000,100.000000000000000
p_l,ALL,2025-06-30 09:00:00,20250630,90000,2025-06-30 10:00:00,10,2025-06-30,6.336506775000001,25.346027100000004,8.448675700000001,15.000000000000000,900.000000000000000,100.000000000000000,1,900.000000000000000,100.000000000000000
p_l,L1,2025-06-30 09:15:00,20250630,91500,2025-06-30 10:15:00,10,2025-06-30,2.169532997222224,8.678131988888895,8.678131988888888,15.000000000000000,900.000000000000000,100.000000000000000,1,900.000000000000000,100.000000000000000
p_l,L2,2025-06-30 09:15:00,20250630,91500,2025-06-30 10:15:00,10,2025-06-30,1.980877638888888,7.923510555555551,7.923510555555558,15.000000000000000,900.000000000000000,100.000000000000000,1,900.000000000000000,100.000000000000000
p_l,L3,2025-06-30 09:15:00,20250630,91500,2025-06-30 10:15:00,10,2025-06-30,2.088092550000001,8.352370200000005,8.352370200000001,15.000000000000000,900.000000000000000,100.000000000000000,1,900.000000000000000,100.000000000000000
p_l,ALL,2025-06-30 09:15:00,20250630,91500,2025-06-30 10:15:00,10,2025-06-30,6.238503186111112,24.954012744444448,8.318004248148149,15.000000000000000,900.000000000000000,100.000000000000000,1,900.000000000000000,100.000000000000000
p_l,L1,2025-06-30 09:30:00,20250630,93000,2025-06-30 10:30:00,10,2025-06-30,2.141863169444445,8.567452677777782,8.567452677777775,15.000000000000000,900.000000000000000,100.000000000000000,1,900.000000000000000,100.000000000000000
p_l,L2,2025-06-30 09:30:00,20250630,93000,2025-06-30 10:30:00,10,2025-06-30,1.947185280555556,7.788741122222224,7.788741122222220,15.000000000000000,900.000000000000000,100.000000000000000,1,900.000000000000000,100.000000000000000
p_l,L3,2025-06-30 09:30:00,20250630,93000,2025-06-30 10:30:00,10,2025-06-30,2.043944447222224,8.175777788888897,8.175777788888883,15.000000000000000,900.000000000000000,100.000000000000000,1,900.000000000000000,100.000000000000000
p_l,ALL,2025-06-30 09:30:00,20250630,93000,2025-06-30 10:30:00,10,2025-06-30,6.132992897222225,24.531971588888901,8.177323862962959,15.000000000000000,900.000000000000000,100.000000000000000,1,900.000000000000000,100.000000000000000
p_l,L1,2025-06-30 09:45:00,20250630,94500,2025-06-30 10:45:00,10,2025-06-30,2.158220366666665,8.632881466666660,8.632881466666673,15.000000000000000,900.000000000000000,100.000000000000000,1,900.000000000000000,100.000000000000000
p_l,L2,2025-06-30 09:45:00,20250630,94500,2025-06-30 10:45:00,10,2025-06-30,1.932782263888890,7.731129055555561,7.731129055555552,15.000000000000000,900.000000000000000,100.000000000000000,1,900.000000000000000,100.000000000000000
p_l,L3,2025-06-30 09:45:00,20250630,94500,2025-06-30 10:45:00,10,2025-06-30,2.048084230555557,8.192336922222227,8.192336922222220,15.000000000000000,900.000000000000000,100.000000000000000,1,900.000000000000000,100.000000000000000
p_l,ALL,2025-06-30 09:45:00,20250630,94500,2025-06-30 10:45:00,10,2025-06-30,6.139086861111112,24.556347444444448,8.185449148148148,15.000000000000000,900.000000000000000,100.000000000000000,1,900.000000000000000,100.000000000000000
p_l,L1,2025-06-30 10:00:00,20250630,100000,2025-06-30 11:00:00,11,2025-06-30,2.146201250000001,8.584805000000003,8.584805000000001,15.000000000000000,900.000000000000000,100.000000000000000,1,900.000000000000000,100.000000000000000
p_l,L2,2025-06-30 10:00:00,20250630,100000,2025-06-30 11:00:00,11,2025-06-30,1.946301536111112,7.785206144444446,7.785206144444447,15.000000000000000,900.000000000000000,100.000000000000000,1,900.000000000000000,100.000000000000000
p_l,L3,2025-06-30 10:00:00,20250630,100000,2025-06-30 11:00:00,11,2025-06-30,2.025678811111111,8.102715244444445,8.102715244444447,15.000000000000000,900.000000000000000,100.000000000000000,1,900.000000000000000,100.000000000000000
p_l,ALL,2025-06-30 10:00:00,20250630,100000,2025-06-30 11:00:00,11,2025-06-30,6.118181597222224,24.472726388888894,8.157575462962965,15.000000000000000,900.000000000000000,100.000000000000000,1,900.000000000000000,100.000000000000000
p_l,L1,2025-06-30 10:15:00,20250630,101500,2025-06-30 11:15:00,11,2025-06-30,2.140967097222222,8.563868388888887,8.563868388888890,15.000000000000000,900.000000000000000,100.000000000000000,1,900.000000000000000,100.000000000000000
p_l,L2,2025-06-30 10:15:00,20250630,101500,2025-06-30 11:15:00,11,2025-06-30,1.941641194444444,7.766564777777774,7.766564777777777,15.000000000000000,900.000000000000000,100.000000000000000,1,900.000000000000000,100.000000000000000
p_l,L3,2025-06-30 10:15:00,20250630,101500,2025-06-30 11:15:00,11,2025-06-30,2.034799552777779,8.139198211111115,8.139198211111111,15.000000000000000,900.000000000000000,100.000000000000000,1,900.000000000000000,100.000000000000000
p_l,ALL,2025-06-30 10:15:00,20250630,101500,2025-06-30 11:15:00,11,2025-06-30,6.117407844444444,24.469631377777777,8.156543792592592,15.000000000000000,900.000000000000000,100.000000000000000,1,900.000000000000000,100.000000000000000
p_l,L1,2025-06-30 10:30:00,20250630,103000,2025-06-30 11:30:00,11,2025-06-30,2.105455030555555,8.421820122222220,8.421820122222227,15.000000000000000,900.000000000000000,100.000000000000000,1,900.000000000000000,100.000000000000000
p_l,L2,2025-06-30 10:30:00,20250630,103000,2025-06-30 11:30:00,11,2025-06-30,1.900053394444444,7.600213577777775,7.600213577777777,15.000000000000000,900.000000000000000,100.000000000000000,1,900.000000000000000,100.000000000000000
p_l,L3,2025-06-30 10:30:00,20250630,103000,2025-06-30 11:30:00,11,2025-06-30,2.010649950000001,8.042599800000003,8.042599800000000,15.000000000000000,900.000000000000000,100.000000000000000,1,900.000000000000000,100.000000000000000
p_l,ALL,2025-06-30 10:30:00,20250630,103000,2025-06-30 11:30:00,11,2025-06-30,6.016158375000000,24.064633499999999,8.021544500000001,15.000000000000000,900.000000000000000,100.000000000000000,1,900.000000000000000,100.000000000000000
p_l,L1,2025-06-30 10:45:00,20250630,104500,2025-06-30 11:45:00,11,2025-06-30,2.092421566666667,8.369686266666667,8.369686266666662,15.000000000000000,900.000000000000000,100.000000000000000,1,900.000000000000000,100.000000000000000
p_l,L2,2025-06-30 10:45:00,20250630,104500,2025-06-30 11:45:00,11,2025-06-30,1.901065777777778,7.604263111111111,7.604263111111109,15.000000000000000,900.000000000000000,100.000000000000000,1,900.000000000000000,100.000000000000000
p_l,L3,2025-06-30 10:45:00,20250630,104500,2025-06-30 11:45:00,11,2025-06-30,1.987236430555556,7.948945722222224,7.948945722222222,15.000000000000000,900.000000000000000,100.000000000000000,1,900.000000000000000,100.000000000000000
p_l,ALL,2025-06-30 10:45:00,20250630,104500,2025-06-30 11:45:00,11,2025-06-30,5.980723775000001,23.922895100000005,7.974298366666663,15.000000000000000,900.000000000000000,100.000000000000000,1,900.000000000000000,100.000000000000000
p_l,L1,2025-06-30 11:00:00,20250630,110000,2025-06-30 12:00:00,12,2025-06-30,2.079391150000001,8.317564600000003,8.317564599999995,15.000000000000000,900.000000000000000,100.000000000000000,1,900.000000000000000,100.000000000000000
p_l,L2,2025-06-30 11:00:00,20250630,110000,2025-06-30 12:00:00,12,2025-06-30,1.881325116666666,7.525300466666662,7.525300466666666,15.000000000000000,900.000000000000000,100.000000000000000,1,900.000000000000000,100.000000000000000
p_l,L3,2025-06-30 11:00:00,20250630,110000,2025-06-30 12:00:00,12,2025-06-30,1.996422716666667,7.985690866666668,7.985690866666666,15.000000000000000,900.000000000000000,100.000000000000000,1,900.000000000000000,100.000000000000000
p_l,ALL,2025-06-30 11:00:00,20250630,110000,2025-06-30 12:00:00,12,2025-06-30,5.957138983333333,23.828555933333334,7.942851977777776,15.000000000000000,900.000000000000000,100.000000000000000,1,900.000000000000000,100.000000000000000
p_l,L1,2025-06-30 11:15:00,20250630,111500,2025-06-30 12:15:00,12,2025-06-30,2.163144030555555,8.652576122222221,8.652576122222216,15.000000000000000,900.000000000000000,100.000000000000000,1,900.000000000000000,100.000000000000000
p_l,L2,2025-06-30 11:15:00,20250630,111500,2025-06-30 12:15:00,12,2025-06-30,1.953197752777777,7.812791011111107,7.812791011111115,15.000000000000000,900.000000000000000,100.000000000000000,1,900.000000000000000,100.000000000000000
p_l,L3,2025-06-30 11:15:00,20250630,111500,2025-06-30 12:15:00,12,2025-06-30,2.088001491666667,8.352005966666667,8.352005966666663,15.000000000000000,900.000000000000000,100.000000000000000,1,900.000000000000000,100.000000000000000
p_l,ALL,2025-06-30 11:15:00,20250630,111500,2025-06-30 12:15:00,12,2025-06-30,6.204343274999998,24.817373099999994,8.272457699999999,15.000000000000000,900.000000000000000,100.000000000000000,1,900.000000000000000,100.000000000000000
p_l,L1,2025-06-30 11:30:00,20250630,113000,2025-06-30 12:30:00,12,2025-06-30,2.140413530555556,8.561654122222226,8.561654122222219,15.000000000000000,900.000000000000000,100.000000000000000,1,900.000000000000000,100.000000000000000
p_l,L2,2025-06-30 11:30:00,20250630,113000,2025-06-30 12:30:00,12,2025-06-30,1.926909722222223,7.707638888888891,7.707638888888887,15.000000000000000,900.000000000000000,100.000000000000000,1,900.000000000000000,100.000000000000000
p_l,L3,2025-06-30 11:30:00,20250630,113000,2025-06-30 12:30:00,12,2025-06-30,2.071260597222221,8.285042388888884,8.285042388888893,15.000000000000000,900.000000000000000,100.000000000000000,1,900.000000000000000,100.000000000000000
p_l,ALL,2025-06-30 11:30:00,20250630,113000,2025-06-30 12:30:00,12,2025-06-30,6.138583850000001,24.554335400000003,8.184778466666666,15.000000000000000,900.000000000000000,100.000000000000000,1,900.000000000000000,100.000000000000000
p_l,L1,2025-06-30 11:45:00,20250630,114500,2025-06-30 12:45:00,12,2025-06-30,2.190694202777778,8.762776811111111,8.762776811111110,15.000000000000000,900.000000000000000,100.000000000000000,1,900.000000000000000,100.000000000000000
p_l,L2,2025-06-30 11:45:00,20250630,114500,2025-06-30 12:45:00,12,2025-06-30,1.965311838888889,7.861247355555556,7.861247355555560,15.000000000000000,900.000000000000000,100.000000000000000,1,900.000000000000000,100.000000000000000
p_l,L3,2025-06-30 11:45:00,20250630,114500,2025-06-30 12:45:00,12,2025-06-30,2.102033355555557,8.408133422222226,8.408133422222221,15.000000000000000,900.000000000000000,100.000000000000000,1,900.000000000000000,100.000000000000000
p_l,ALL,2025-06-30 11:45:00,20250630,114500,2025-06-30 12:45:00,12,2025-06-30,6.258039397222223,25.032157588888893,8.344052529629630,15.000000000000000,900.000000000000000,100.000000000000000,1,900.000000000000000,100.000000000000000
p_l,L1,2025-06-30 12:00:00,20250630,120000,2025-06-30 13:00:00,13,2025-06-30,2.203502058333334,8.814008233333334,8.814008233333331,15.000000000000000,900.000000000000000,100.000000000000000,1,900.000000000000000,100.000000000000000
p_l,L2,2025-06-30 12:00:00,20250630,120000,2025-06-30 13:00:00,13,2025-06-30,1.963755011111112,7.855020044444447,7.855020044444444,15.000000000000000,900.000000000000000,100.000000000000000,1,900.000000000000000,100.000000000000000
p_l,L3,2025-06-30 12:00:00,20250630,120000,2025-06-30 13:00:00,13,2025-06-30,2.093804897222222,8.375219588888887,8.375219588888893,15.000000000000000,900.000000000000000,100.000000000000000,1,900.000000000000000,100.000000000000000
p_l,ALL,2025-06-30 12:00:00,20250630,120000,2025-06-30 13:00:00,13,2025-06-30,6.261061966666667,25.044247866666669,8.348082622222224,15.000000000000000,900.000000000000000,100.000000000000000,1,900.000000000000000,100.000000000000000
p_l,L1,2025-06-30 12:15:00,20250630,121500,2025-06-30 13:15:00,13,2025-06-30,2.216680622222223,8.866722488888893,8.866722488888886,15.000000000000000,900.000000000000000,100.000000000000000,1,900.000000000000000,100.000000000000000
p_l,L2,2025-06-30 12:15:00,20250630,121500,2025-06-30 13:15:00,13,2025-06-30,2.013147841666667,8.052591366666668,8.052591366666668,15.000000000000000,900.000000000000000,100.000000000000000,1,900.000000000000000,100.000000000000000
p_l,L3,2025-06-30 12:15:00,20250630,121500,2025-06-30 13:15:00,13,2025-06-30,2.148436291666667,8.593745166666670,8.593745166666672,15.000000000000000,900.000000000000000,100.000000000000000,1,900.000000000000000,100.000000000000000
p_l,ALL,2025-06-30 12:15:00,20250630,121500,2025-06-30 13:15:00,13,2025-06-30,6.378264755555558,25.513059022222233,8.504353007407410,15.000000000000000,900.000000000000000,100.000000000000000,1,900.000000000000000,100.000000000000000
p_l,L1,2025-06-30 12:30:00,20250630,123000,2025-06-30 13:30:00,13,2025-06-30,2.170588719444443,8.682354877777771,8.682354877777778,15.000000000000000,900.000000000000000,100.000000000000000,1,900.000000000000000,100.000000000000000
p_l,L2,2025-06-30 12:30:00,20250630,123000,2025-06-30 13:30:00,13,2025-06-30,1.941410047222223,7.765640188888891,7.765640188888888,15.000000000000000,900.000000000000000,100.000000000000000,1,900.000000000000000,100.000000000000000
p_l,L3,2025-06-30 12:30:00,20250630,123000,2025-06-30 13:30:00,13,2025-06-30,2.079215736111109,8.316862944444436,8.316862944444447,15.000000000000000,900.000000000000000,100.000000000000000,1,900.000000000000000,100.000000000000000
p_l,ALL,2025-06-30 12:30:00,20250630,123000,2025-06-30 13:30:00,13,2025-06-30,6.191214502777774,24.764858011111095,8.254952670370370,15.000000000000000,900.000000000000000,100.000000000000000,1,900.000000000000000,100.000000000000000
p_l,L1,2025-06-30 12:45:00,20250630,124500,2025-06-30 13:45:00,13,2025-06-30,2.195110569444443,8.780442277777773,8.780442277777778,15.000000000000000,900.000000000000000,100.000000000000000,1,900.000000000000000,100.000000000000000
p_l,L2,2025-06-30 12:45:00,20250630,124500,2025-06-30 13:45:00,13,2025-06-30,1.956074247222223,7.824296988888893,7.824296988888884,15.000000000000000,900.000000000000000,100.000000000000000,1,900.000000000000000,100.000000000000000
p_l,L3,2025-06-30 12:45:00,20250630,124500,2025-06-30 13:45:00,13,2025-06-30,2.084826463888890,8.339305855555562,8.339305855555557,15.000000000000000,900.000000000000000,100.000000000000000,1,900.000000000000000,100.000000000000000
p_l,ALL,2025-06-30 12:45:00,20250630,124500,2025-06-30 13:45:00,13,2025-06-30,6.236011280555557,24.944045122222228,8.314681707407408,15.000000000000000,900.000000000000000,100.000000000000000,1,900.000000000000000,100.000000000000000
p_l,L1,2025-06-30 13:00:00,20250630,130000,2025-06-30 14:00:00,14,2025-06-30,2.210994111111112,8.843976444444449,8.843976444444447,15.000000000000000,900.000000000000000,100.000000000000000,1,900.000000000000000,100.000000000000000
p_l,L2,2025-06-30 13:00:00,20250630,130000,2025-06-30 14:00:00,14,2025-06-30,1.958710305555557,7.834841222222228,7.834841222222224,15.000000000000000,900.000000000000000,100.000000000000000,1,900.000000000000000,100.000000000000000
p_l,L3,2025-06-30 13:00:00,20250630,130000,2025-06-30 14:00:00,14,2025-06-30,2.073262888888889,8.293051555555557,8.293051555555561,15.000000000000000,900.000000000000000,100.000000000000000,1,900.000000000000000,100.000000000000000
p_l,ALL,2025-06-30 13:00:00,20250630,130000,2025-06-30 14:00:00,14,2025-06-30,6.242967305555558,24.971869222222232,8.323956407407410,15.000000000000000,900.000000000000000,100.000000000000000,1,900.000000000000000,100.000000000000000
p_l,L1,2025-06-30 13:15:00,20250630,131500,2025-06-30 14:15:00,14,2025-06-30,2.049446699999995,8.197786799999980,8.197786800000010,15.000000000000000,900.000000000000000,100.000000000000000,1,900.000000000000000,100.000000000000000
p_l,L2,2025-06-30 13:15:00,20250630,131500,2025-06-30 14:15:00,14,2025-06-30,1.820474733333328,7.281898933333313,7.281898933333349,15.000000000000000,900.000000000000000,100.000000000000000,1,900.000000000000000,100.000000000000000
p_l,L3,2025-06-30 13:15:00,20250630,131500,2025-06-30 14:15:00,14,2025-06-30,1.931644694444441,7.726578777777765,7.726578777777795,15.000000000000000,900.000000000000000,100.000000000000000,1,900.000000000000000,100.000000000000000
p_l,ALL,2025-06-30 13:15:00,20250630,131500,2025-06-30 14:15:00,14,2025-06-30,5.801566127777765,23.206264511111058,7.735421503703718,15.000000000000000,900.000000000000000,100.000000000000000,1,900.000000000000000,100.000000000000000
p_l,L1,2025-06-30 13:30:00,20250630,133000,2025-06-30 14:30:00,14,2025-06-30,2.194359505555555,8.777438022222219,8.777438022222219,15.000000000000000,900.000000000000000,100.000000000000000,1,900.000000000000000,100.000000000000000
p_l,L2,2025-06-30 13:30:00,20250630,133000,2025-06-30 14:30:00,14,2025-06-30,1.953114352777777,7.812457411111110,7.812457411111113,15.000000000000000,900.000000000000000,100.000000000000000,1,900.000000000000000,100.000000000000000
p_l,L3,2025-06-30 13:30:00,20250630,133000,2025-06-30 14:30:00,14,2025-06-30,2.077554752777778,8.310219011111110,8.310219011111112,15.000000000000000,900.000000000000000,100.000000000000000,1,900.000000000000000,100.000000000000000
p_l,ALL,2025-06-30 13:30:00,20250630,133000,2025-06-30 14:30:00,14,2025-06-30,6.225028611111110,24.900114444444441,8.300038148148149,15.000000000000000,900.000000000000000,100.000000000000000,1,900.000000000000000,100.000000000000000
p_l,L1,2025-06-30 13:45:00,20250630,134500,2025-06-30 14:45:00,14,2025-06-30,2.212994655555555,8.851978622222219,8.851978622222223,15.000000000000000,900.000000000000000,100.000000000000000,1,900.000000000000000,100.000000000000000
p_l,L2,2025-06-30 13:45:00,20250630,134500,2025-06-30 14:45:00,14,2025-06-30,1.982137538888889,7.928550155555556,7.928550155555556,15.000000000000000,900.000000000000000,100.000000000000000,1,900.000000000000000,100.000000000000000
p_l,L3,2025-06-30 13:45:00,20250630,134500,2025-06-30 14:45:00,14,2025-06-30,2.099534511111111,8.398138044444446,8.398138044444439,15.000000000000000,900.000000000000000,100.000000000000000,1,900.000000000000000,100.000000000000000
p_l,ALL,2025-06-30 13:45:00,20250630,134500,2025-06-30 14:45:00,14,2025-06-30,6.294666705555555,25.178666822222219,8.392888940740740,15.000000000000000,900.000000000000000,100.000000000000000,1,900.000000000000000,100.000000000000000
p_l,L1,2025-06-30 14:00:00,20250630,140000,2025-06-30 15:00:00,15,2025-06-30,2.161005966666668,8.644023866666673,8.644023866666675,15.000000000000000,900.000000000000000,100.000000000000000,1,900.000000000000000,100.000000000000000
p_l,L2,2025-06-30 14:00:00,20250630,140000,2025-06-30 15:00:00,15,2025-06-30,1.952561969444444,7.810247877777777,7.810247877777779,15.000000000000000,900.000000000000000,100.000000000000000,1,900.000000000000000,100.000000000000000
p_l,L3,2025-06-30 14:00:00,20250630,140000,2025-06-30 15:00:00,15,2025-06-30,2.081972308333333,8.327889233333332,8.327889233333332,15.000000000000000,900.000000000000000,100.000000000000000,1,900.000000000000000,100.000000000000000
p_l,ALL,2025-06-30 14:00:00,20250630,140000,2025-06-30 15:00:00,15,2025-06-30,6.195540244444446,24.782160977777785,8.260720325925929,15.000000000000000,900.000000000000000,100.000000000000000,1,900.000000000000000,100.000000000000000
p_l,L1,2025-06-30 14:15:00,20250630,141500,2025-06-30 15:15:00,15,2025-06-30,2.192898744444445,8.771594977777779,8.771594977777779,15.000000000000000,900.000000000000000,100.000000000000000,1,900.000000000000000,100.000000000000000
p_l,L2,2025-06-30 14:15:00,20250630,141500,2025-06-30 15:15:00,15,2025-06-30,1.970085486111111,7.880341944444442,7.880341944444440,15.000000000000000,900.000000000000000,100.000000000000000,1,900.000000000000000,100.000000000000000
p_l,L3,2025-06-30 14:15:00,20250630,141500,2025-06-30 15:15:00,15,2025-06-30,2.093722827777777,8.374891311111108,8.374891311111110,15.000000000000000,900.000000000000000,100.000000000000000,1,900.000000000000000,100.000000000000000
p_l,ALL,2025-06-30 14:15:00,20250630,141500,2025-06-30 15:15:00,15,2025-06-30,6.256707058333332,25.026828233333326,8.342276077777777,15.000000000000000,900.000000000000000,100.000000000000000,1,900.000000000000000,100.000000000000000
p_l,L1,2025-06-30 14:30:00,20250630,143000,2025-06-30 15:30:00,15,2025-06-30,2.133284313888888,8.533137255555554,8.533137255555559,15.000000000000000,900.000000000000000,100.000000000000000,1,900.000000000000000,100.000000000000000
p_l,L2,2025-06-30 14:30:00,20250630,143000,2025-06-30 15:30:00,15,2025-06-30,1.930536658333333,7.722146633333331,7.722146633333330,15.000000000000000,900.000000000000000,100.000000000000000,1,900.000000000000000,100.000000000000000
p_l,L3,2025-06-30 14:30:00,20250630,143000,2025-06-30 15:30:00,15,2025-06-30,2.035412905555557,8.141651622222227,8.141651622222222,15.000000000000000,900.000000000000000,100.000000000000000,1,900.000000000000000,100.000000000000000
p_l,ALL,2025-06-30 14:30:00,20250630,143000,2025-06-30 15:30:00,15,2025-06-30,6.099233877777777,24.396935511111110,8.132311837037037,15.000000000000000,900.000000000000000,100.000000000000000,1,900.000000000000000,100.000000000000000
p_l,L1,2025-06-30 14:45:00,20250630,144500,2025-06-30 15:45:00,15,2025-06-30,2.200891069444444,8.803564277777777,8.803564277777779,15.000000000000000,900.000000000000000,100.000000000000000,1,900.000000000000000,100.000000000000000
p_l,L2,2025-06-30 14:45:00,20250630,144500,2025-06-30 15:45:00,15,2025-06-30,1.940810986111112,7.763243944444449,7.763243944444440,15.000000000000000,900.000000000000000,100.000000000000000,1,900.000000000000000,100.000000000000000
p_l,L3,2025-06-30 14:45:00,20250630,144500,2025-06-30 15:45:00,15,2025-06-30,2.088341544444443,8.353366177777772,8.353366177777774,15.000000000000000,900.000000000000000,100.000000000000000,1,900.000000000000000,100.000000000000000
p_l,ALL,2025-06-30 14:45:00,20250630,144500,2025-06-30 15:45:00,15,2025-06-30,6.230043600000000,24.920174400000001,8.306724799999998,15.000000000000000,900.000000000000000,100.000000000000000,1,900.000000000000000,100.000000000000000
p_l,L1,2025-06-30 15:00:00,20250630,150000,2025-06-30 16:00:00,16,2025-06-30,2.106803549999999,8.427214199999995,8.427214199999998,15.000000000000000,900.000000000000000,100.000000000000000,1,900.000000000000000,100.000000000000000
p_l,L2,2025-06-30 15:00:00,20250630,150000,2025-06-30 16:00:00,16,2025-06-30,1.882942877777779,7.531771511111115,7.531771511111107,15.000000000000000,900.000000000000000,100.000000000000000,1,900.000000000000000,100.000000000000000
p_l,L3,2025-06-30 15:00:00,20250630,150000,2025-06-30 16:00:00,16,2025-06-30,2.003583125000002,8.014332500000007,8.014332499999993,15.000000000000000,900.000000000000000,100.000000000000000,1,900.000000000000000,100.000000000000000
p_l,ALL,2025-06-30 15:00:00,20250630,150000,2025-06-30 16:00:00,16,2025-06-30,5.993329552777780,23.973318211111120,7.991106070370366,15.000000000000000,900.000000000000000,100.000000000000000,1,900.000000000000000,100.000000000000000
p_l,L1,2025-06-30 15:15:00,20250630,151500,2025-06-30 16:15:00,16,2025-06-30,2.192554594444445,8.770218377777779,8.770218377777780,15.000000000000000,900.000000000000000,100.000000000000000,1,900.000000000000000,100.000000000000000
p_l,L2,2025-06-30 15:15:00,20250630,151500,2025-06-30 16:15:00,16,2025-06-30,1.960070558333333,7.840282233333333,7.840282233333332,15.000000000000000,900.000000000000000,100.000000000000000,1,900.000000000000000,100.000000000000000
p_l,L3,2025-06-30 15:15:00,20250630,151500,2025-06-30 16:15:00,16,2025-06-30,2.078789783333333,8.315159133333333,8.315159133333331,15.000000000000000,900.000000000000000,100.000000000000000,1,900.000000000000000,100.000000000000000
p_l,ALL,2025-06-30 15:15:00,20250630,151500,2025-06-30 16:15:00,16,2025-06-30,6.231414936111111,24.925659744444445,8.308553248148147,15.000000000000000,900.000000000000000,100.000000000000000,1,900.000000000000000,100.000000000000000
p_l,L1,2025-06-30 15:30:00,20250630,153000,2025-06-30 16:30:00,16,2025-06-30,2.241319497222221,8.965277988888882,8.965277988888889,15.000000000000000,900.000000000000000,100.000000000000000,1,900.000000000000000,100.000000000000000
p_l,L2,2025-06-30 15:30:00,20250630,153000,2025-06-30 16:30:00,16,2025-06-30,2.012166172222224,8.048664688888895,8.048664688888886,15.000000000000000,900.000000000000000,100.000000000000000,1,900.000000000000000,100.000000000000000
p_l,L3,2025-06-30 15:30:00,20250630,153000,2025-06-30 16:30:00,16,2025-06-30,2.149476163888888,8.597904655555553,8.597904655555554,15.000000000000000,900.000000000000000,100.000000000000000,1,900.000000000000000,100.000000000000000
p_l,ALL,2025-06-30 15:30:00,20250630,153000,2025-06-30 16:30:00,16,2025-06-30,6.402961833333332,25.611847333333330,8.537282444444443,15.000000000000000,900.000000000000000,100.000000000000000,1,900.000000000000000,100.000000000000000
p_l,L1,2025-06-30 15:45:00,20250630,154500,2025-06-30 16:45:00,16,2025-06-30,2.173235650000000,8.692942600000000,8.692942599999999,15.000000000000000,900.000000000000000,100.000000000000000,1,900.000000000000000,100.000000000000000
p_l,L2,2025-06-30 15:45:00,20250630,154500,2025-06-30 16:45:00,16,2025-06-30,1.942841438888888,7.771365755555551,7.771365755555554,15.000000000000000,900.000000000000000,100.000000000000000,1,900.000000000000000,100.000000000000000
p_l,L3,2025-06-30 15:45:00,20250630,154500,2025-06-30 16:45:00,16,2025-06-30,2.111535788888890,8.446143155555559,8.446143155555554,15.000000000000000,900.000000000000000,100.000000000000000,1,900.000000000000000,100.000000000000000
p_l,ALL,2025-06-30 15:45:00,20250630,154500,2025-06-30 16:45:00,16,2025-06-30,6.227612877777777,24.910451511111109,8.303483837037035,15.000000000000000,900.000000000000000,100.000000000000000,1,900.000000000000000,100.000000000000000
p_l,L1,2025-06-30 16:00:00,20250630,160000,2025-06-30 17:00:00,17,2025-06-30,2.194584086111112,8.778336344444448,8.778336344444442,15.000000000000000,900.000000000000000,100.000000000000000,1,900.000000000000000,100.000000000000000
p_l,L2,2025-06-30 16:00:00,20250630,160000,2025-06-30 17:00:00,17,2025-06-30,1.978966311111111,7.915865244444443,7.915865244444441,15.000000000000000,900.000000000000000,100.000000000000000,1,900.000000000000000,100.000000000000000
p_l,L3,2025-06-30 16:00:00,20250630,160000,2025-06-30 17:00:00,17,2025-06-30,2.126948922222222,8.507795688888889,8.507795688888887,15.000000000000000,900.000000000000000,100.000000000000000,1,900.000000000000000,100.000000000000000
p_l,ALL,2025-06-30 16:00:00,20250630,160000,2025-06-30 17:00:00,17,2025-06-30,6.300499319444445,25.201997277777782,8.400665759259258,15.000000000000000,900.000000000000000,100.000000000000000,1,900.000000000000000,100.000000000000000
p_l,L1,2025-06-30 16:15:00,20250630,161500,2025-06-30 17:15:00,17,2025-06-30,2.222640600000000,8.890562400000000,8.890562400000004,15.000000000000000,900.000000000000000,100.000000000000000,1,900.000000000000000,100.000000000000000
p_l,L2,2025-06-30 16:15:00,20250630,161500,2025-06-30 17:15:00,17,2025-06-30,1.993269494444446,7.973077977777783,7.973077977777775,15.000000000000000,900.000000000000000,100.000000000000000,1,900.000000000000000,100.000000000000000
p_l,L3,2025-06-30 16:15:00,20250630,161500,2025-06-30 17:15:00,17,2025-06-30,2.142063383333333,8.568253533333333,8.568253533333333,15.000000000000000,900.000000000000000,100.000000000000000,1,900.000000000000000,100.000000000000000
p_l,ALL,2025-06-30 16:15:00,20250630,161500,2025-06-30 17:15:00,17,2025-06-30,6.357973477777779,25.431893911111118,8.477297970370371,15.000000000000000,900.000000000000000,100.000000000000000,1,900.000000000000000,100.000000000000000
p_l,L1,2025-06-30 16:30:00,20250630,163000,2025-06-30 17:30:00,17,2025-06-30,1.947365816666667,7.789463266666667,7.789463266666661,15.000000000000000,900.000000000000000,100.000000000000000,1,900.000000000000000,100.000000000000000
p_l,L2,2025-06-30 16:30:00,20250630,163000,2025-06-30 17:30:00,17,2025-06-30,1.777637125000000,7.110548500000002,7.110548500000005,15.000000000000000,900.000000000000000,100.000000000000000,1,900.000000000000000,100.000000000000000
p_l,L3,2025-06-30 16:30:00,20250630,163000,2025-06-30 17:30:00,17,2025-06-30,1.861788444444445,7.447153777777778,7.447153777777782,15.000000000000000,900.000000000000000,100.000000000000000,1,900.000000000000000,100.000000000000000
p_l,ALL,2025-06-30 16:30:00,20250630,163000,2025-06-30 17:30:00,17,2025-06-30,5.586791386111112,22.347165544444447,7.449055181481483,15.000000000000000,900.000000000000000,100.000000000000000,1,900.000000000000000,100.000000000000000
p_l,L1,2025-06-30 16:45:00,20250630,164500,2025-06-30 17:45:00,17,2025-06-30,0.387766958333333,1.551067833333332,1.551067833333333,15.000000000000000,900.000000000000000,100.000000000000000,1,900.000000000000000,100.000000000000000
p_l,L2,2025-06-30 16:45:00,20250630,164500,2025-06-30 17:45:00,17,2025-06-30,0.317371477777778,1.269485911111112,1.269485911111111,15.000000000000000,900.000000000000000,100.000000000000000,1,900.000000000000000,100.000000000000000
p_l,L3,2025-06-30 16:45:00,20250630,164500,2025-06-30 17:45:00,17,2025-06-30,0.369137497222222,1.476549988888888,1.476549988888888,15.000000000000000,900.000000000000000,100.000000000000000,1,900.000000000000000,100.000000000000000
p_l,ALL,2025-06-30 16:45:00,20250630,164500,2025-06-30 17:45:00,17,2025-06-30,1.074275933333333,4.297103733333333,1.432367911111111,15.000000000000000,900.000000000000000,100.000000000000000,1,900.000000000000000,100.000000000000000
p_l,L1,2025-06-30 17:00:00,20250630,170000,2025-06-30 18:00:00,18,2025-06-30,0.404359758333334,1.617439033333334,1.617439033333332,15.000000000000000,900.000000000000000,100.000000000000000,1,900.000000000000000,100.000000000000000
p_l,L2,2025-06-30 17:00:00,20250630,170000,2025-06-30 18:00:00,18,2025-06-30,0.345702075000000,1.382808300000000,1.382808300000000,15.000000000000000,900.000000000000000,100.000000000000000,1,900.000000000000000,100.000000000000000
p_l,L3,2025-06-30 17:00:00,20250630,170000,2025-06-30 18:00:00,18,2025-06-30,0.384328516666667,1.537314066666666,1.537314066666666,15.000000000000000,900.000000000000000,100.000000000000000,1,900.000000000000000,100.000000000000000
p_l,ALL,2025-06-30 17:00:00,20250630,170000,2025-06-30 18:00:00,18,2025-06-30,1.134390350000000,4.537561400000001,1.512520466666666,15.000000000000000,900.000000000000000,100.000000000000000,1,900.000000000000000,100.000000000000000
p_l,L1,2025-06-30 17:15:00,20250630,171500,2025-06-30 18:15:00,18,2025-06-30,0.398149730555556,1.592598922222223,1.592598922222222,15.000000000000000,900.000000000000000,100.000000000000000,1,900.000000000000000,100.000000000000000
p_l,L2,2025-06-30 17:15:00,20250630,171500,2025-06-30 18:15:00,18,2025-06-30,0.338070861111111,1.352283444444444,1.352283444444446,15.000000000000000,900.000000000000000,100.000000000000000,1,900.000000000000000,100.000000000000000
p_l,L3,2025-06-30 17:15:00,20250630,171500,2025-06-30 18:15:00,18,2025-06-30,0.379472550000000,1.517890199999998,1.517890200000000,15.000000000000000,900.000000000000000,100.000000000000000,1,900.000000000000000,100.000000000000000
p_l,ALL,2025-06-30 17:15:00,20250630,171500,2025-06-30 18:15:00,18,2025-06-30,1.115693141666666,4.462772566666666,1.487590855555556,15.000000000000000,900.000000000000000,100.000000000000000,1,900.000000000000000,100.000000000000000
p_l,L1,2025-06-30 17:30:00,20250630,173000,2025-06-30 18:30:00,18,2025-06-30,0.392449897222222,1.569799588888890,1.569799588888889,15.000000000000000,900.000000000000000,100.000000000000000,1,900.000000000000000,100.000000000000000
p_l,L2,2025-06-30 17:30:00,20250630,173000,2025-06-30 18:30:00,18,2025-06-30,0.339751713888889,1.359006855555556,1.359006855555555,15.000000000000000,900.000000000000000,100.000000000000000,1,900.000000000000000,100.000000000000000
p_l,L3,2025-06-30 17:30:00,20250630,173000,2025-06-30 18:30:00,18,2025-06-30,0.374780583333333,1.499122333333333,1.499122333333333,15.000000000000000,900.000000000000000,100.000000000000000,1,900.000000000000000,100.000000000000000
p_l,ALL,2025-06-30 17:30:00,20250630,173000,2025-06-30 18:30:00,18,2025-06-30,1.106982194444445,4.427928777777780,1.475976259259259,15.000000000000000,900.000000000000000,100.000000000000000,1,900.000000000000000,100.000000000000000
p_l,L1,2025-06-30 17:45:00,20250630,174500,2025-06-30 18:45:00,18,2025-06-30,0.375888177777778,1.503552711111111,1.503552711111111,15.000000000000000,900.000000000000000,100.000000000000000,1,900.000000000000000,100.000000000000000
p_l,L2,2025-06-30 17:45:00,20250630,174500,2025-06-30 18:45:00,18,2025-06-30,0.320845725000000,1.283382900000000,1.283382900000001,15.000000000000000,900.000000000000000,100.000000000000000,1,900.000000000000000,100.000000000000000
p_l,L3,2025-06-30 17:45:00,20250630,174500,2025-06-30 18:45:00,18,2025-06-30,0.363962533333333,1.455850133333333,1.455850133333333,15.000000000000000,900.000000000000000,100.000000000000000,1,900.000000000000000,100.000000000000000
p_l,ALL,2025-06-30 17:45:00,20250630,174500,2025-06-30 18:45:00,18,2025-06-30,1.060696436111111,4.242785744444443,1.414261914814815,15.000000000000000,900.000000000000000,100.000000000000000,1,900.000000000000000,100.000000000000000
p_l,L1,2025-06-30 18:00:00,20250630,180000,2025-06-30 19:00:00,19,2025-06-30,0.380567130555556,1.522268522222223,1.522268522222223,15.000000000000000,900.000000000000000,100.000000000000000,1,900.000000000000000,100.000000000000000
p_l,L2,2025-06-30 18:00:00,20250630,180000,2025-06-30 19:00:00,19,2025-06-30,0.331748300000000,1.326993200000000,1.326993200000000,15.000000000000000,900.000000000000000,100.000000000000000,1,900.000000000000000,100.000000000000000
p_l,L3,2025-06-30 18:00:00,20250630,180000,2025-06-30 19:00:00,19,2025-06-30,0.363486325000000,1.453945300000000,1.453945300000000,15.000000000000000,900.000000000000000,100.000000000000000,1,900.000000000000000,100.000000000000000
p_l,ALL,2025-06-30 18:00:00,20250630,180000,2025-06-30 19:00:00,19,2025-06-30,1.075801755555556,4.303207022222223,1.434402340740741,15.000000000000000,900.000000000000000,100.000000000000000,1,900.000000000000000,100.000000000000000
p_l,L1,2025-06-30 18:15:00,20250630,181500,2025-06-30 19:15:00,19,2025-06-30,0.379429002777778,1.517716011111112,1.517716011111112,15.000000000000000,900.000000000000000,100.000000000000000,1,900.000000000000000,100.000000000000000
p_l,L2,2025-06-30 18:15:00,20250630,181500,2025-06-30 19:15:00,19,2025-06-30,0.320006013888889,1.280024055555556,1.280024055555555,15.000000000000000,900.000000000000000,100.000000000000000,1,900.000000000000000,100.000000000000000
p_l,L3,2025-06-30 18:15:00,20250630,181500,2025-06-30 19:15:00,19,2025-06-30,0.363704122222222,1.454816488888889,1.454816488888888,15.000000000000000,900.000000000000000,100.000000000000000,1,900.000000000000000,100.000000000000000
p_l,ALL,2025-06-30 18:15:00,20250630,181500,2025-06-30 19:15:00,19,2025-06-30,1.063139138888889,4.252556555555557,1.417518851851852,15.000000000000000,900.000000000000000,100.000000000000000,1,900.000000000000000,100.000000000000000
p_l,L1,2025-06-30 18:30:00,20250630,183000,2025-06-30 19:30:00,19,2025-06-30,0.401479522222222,1.605918088888889,1.605918088888888,15.000000000000000,900.000000000000000,100.000000000000000,1,900.000000000000000,100.000000000000000
p_l,L2,2025-06-30 18:30:00,20250630,183000,2025-06-30 19:30:00,19,2025-06-30,0.340962658333333,1.363850633333332,1.363850633333334,15.000000000000000,900.000000000000000,100.000000000000000,1,900.000000000000000,100.000000000000000
p_l,L3,2025-06-30 18:30:00,20250630,183000,2025-06-30 19:30:00,19,2025-06-30,0.383625297222222,1.534501188888889,1.534501188888888,15.000000000000000,900.000000000000000,100.000000000000000,1,900.000000000000000,100.000000000000000
p_l,ALL,2025-06-30 18:30:00,20250630,183000,2025-06-30 19:30:00,19,2025-06-30,1.126067477777778,4.504269911111111,1.501423303703703,15.000000000000000,900.000000000000000,100.000000000000000,1,900.000000000000000,100.000000000000000
p_l,L1,2025-06-30 18:45:00,20250630,184500,2025-06-30 19:45:00,19,2025-06-30,0.388325655555556,1.553302622222223,1.553302622222222,15.000000000000000,900.000000000000000,100.000000000000000,1,900.000000000000000,100.000000000000000
p_l,L2,2025-06-30 18:45:00,20250630,184500,2025-06-30 19:45:00,19,2025-06-30,0.323506622222222,1.294026488888887,1.294026488888889,15.000000000000000,900.000000000000000,100.000000000000000,1,900.000000000000000,100.000000000000000
p_l,L3,2025-06-30 18:45:00,20250630,184500,2025-06-30 19:45:00,19,2025-06-30,0.371468869444445,1.485875477777778,1.485875477777778,15.000000000000000,900.000000000000000,100.000000000000000,1,900.000000000000000,100.000000000000000
p_l,ALL,2025-06-30 18:45:00,20250630,184500,2025-06-30 19:45:00,19,2025-06-30,1.083301147222222,4.333204588888889,1.444401529629630,15.000000000000000,900.000000000000000,100.000000000000000,1,900.000000000000000,100.000000000000000
p_l,L1,2025-06-30 19:00:00,20250630,190000,2025-06-30 20:00:00,20,2025-06-30,0.381185691666666,1.524742766666664,1.524742766666666,15.000000000000000,900.000000000000000,100.000000000000000,1,900.000000000000000,100.000000000000000
p_l,L2,2025-06-30 19:00:00,20250630,190000,2025-06-30 20:00:00,20,2025-06-30,0.334262663888889,1.337050655555556,1.337050655555556,15.000000000000000,900.000000000000000,100.000000000000000,1,900.000000000000000,100.000000000000000
p_l,L3,2025-06-30 19:00:00,20250630,190000,2025-06-30 20:00:00,20,2025-06-30,0.364904394444445,1.459617577777778,1.459617577777778,15.000000000000000,900.000000000000000,100.000000000000000,1,900.000000000000000,100.000000000000000
p_l,ALL,2025-06-30 19:00:00,20250630,190000,2025-06-30 20:00:00,20,2025-06-30,1.080352750000000,4.321410999999999,1.440470333333334,15.000000000000000,900.000000000000000,100.000000000000000,1,900.000000000000000,100.000000000000000
p_l,L1,2025-06-30 19:15:00,20250630,191500,2025-06-30 20:15:00,20,2025-06-30,0.384670652777778,1.538682611111110,1.538682611111110,15.000000000000000,900.000000000000000,100.000000000000000,1,900.000000000000000,100.000000000000000
p_l,L2,2025-06-30 19:15:00,20250630,191500,2025-06-30 20:15:00,20,2025-06-30,0.332667625000000,1.330670500000000,1.330670500000000,15.000000000000000,900.000000000000000,100.000000000000000,1,900.000000000000000,100.000000000000000
p_l,L3,2025-06-30 19:15:00,20250630,191500,2025-06-30 20:15:00,20,2025-06-30,0.368905994444445,1.475623977777779,1.475623977777776,15.000000000000000,900.000000000000000,100.000000000000000,1,900.000000000000000,100.000000000000000
p_l,ALL,2025-06-30 19:15:00,20250630,191500,2025-06-30 20:15:00,20,2025-06-30,1.086244272222222,4.344977088888889,1.448325696296295,15.000000000000000,900.000000000000000,100.000000000000000,1,900.000000000000000,100.000000000000000
p_l,L1,2025-06-30 19:30:00,20250630,193000,2025-06-30 20:30:00,20,2025-06-30,1.719476663888889,6.877906655555556,6.877906655555555,15.000000000000000,900.000000000000000,100.000000000000000,1,900.000000000000000,100.000000000000000
p_l,L2,2025-06-30 19:30:00,20250630,193000,2025-06-30 20:30:00,20,2025-06-30,1.546220197222223,6.184880788888891,6.184880788888891,15.000000000000000,900.000000000000000,100.000000000000000,1,900.000000000000000,100.000000000000000
p_l,L3,2025-06-30 19:30:00,20250630,193000,2025-06-30 20:30:00,20,2025-06-30,1.688130569444444,6.752522277777776,6.752522277777778,15.000000000000000,900.000000000000000,100.000000000000000,1,900.000000000000000,100.000000000000000
p_l,ALL,2025-06-30 19:30:00,20250630,193000,2025-06-30 20:30:00,20,2025-06-30,4.953827430555555,19.815309722222221,6.605103240740741,15.000000000000000,900.000000000000000,100.000000000000000,1,900.000000000000000,100.000000000000000
p_l,L1,2025-06-30 19:45:00,20250630,194500,2025-06-30 20:45:00,20,2025-06-30,2.301798572222224,9.207194288888896,9.207194288888889,15.000000000000000,900.000000000000000,100.000000000000000,1,900.000000000000000,100.000000000000000
p_l,L2,2025-06-30 19:45:00,20250630,194500,2025-06-30 20:45:00,20,2025-06-30,2.053148250000001,8.212593000000004,8.212592999999998,15.000000000000000,900.000000000000000,100.000000000000000,1,900.000000000000000,100.000000000000000
p_l,L3,2025-06-30 19:45:00,20250630,194500,2025-06-30 20:45:00,20,2025-06-30,2.263778008333332,9.055112033333327,9.055112033333339,15.000000000000000,900.000000000000000,100.000000000000000,1,900.000000000000000,100.000000000000000
p_l,ALL,2025-06-30 19:45:00,20250630,194500,2025-06-30 20:45:00,20,2025-06-30,6.618724830555556,26.474899322222225,8.824966440740742,15.000000000000000,900.000000000000000,100.000000000000000,1,900.000000000000000,100.000000000000000
p_l,L1,2025-06-30 20:00:00,20250630,200000,2025-06-30 21:00:00,21,2025-06-30,2.305172197222221,9.220688788888886,9.220688788888882,15.000000000000000,900.000000000000000,100.000000000000000,1,900.000000000000000,100.000000000000000
p_l,L2,2025-06-30 20:00:00,20250630,200000,2025-06-30 21:00:00,21,2025-06-30,2.095905227777778,8.383620911111112,8.383620911111104,15.000000000000000,900.000000000000000,100.000000000000000,1,900.000000000000000,100.000000000000000
p_l,L3,2025-06-30 20:00:00,20250630,200000,2025-06-30 21:00:00,21,2025-06-30,2.269903397222222,9.079613588888890,9.079613588888888,15.000000000000000,900.000000000000000,100.000000000000000,1,900.000000000000000,100.000000000000000
p_l,ALL,2025-06-30 20:00:00,20250630,200000,2025-06-30 21:00:00,21,2025-06-30,6.670980822222222,26.683923288888888,8.894641096296290,15.000000000000000,900.000000000000000,100.000000000000000,1,900.000000000000000,100.000000000000000
p_l,L1,2025-06-30 20:15:00,20250630,201500,2025-06-30 21:15:00,21,2025-06-30,2.333575683333334,9.334302733333335,9.334302733333331,15.000000000000000,900.000000000000000,100.000000000000000,1,900.000000000000000,100.000000000000000
p_l,L2,2025-06-30 20:15:00,20250630,201500,2025-06-30 21:15:00,21,2025-06-30,2.079838591666666,8.319354366666666,8.319354366666664,15.000000000000000,900.000000000000000,100.000000000000000,1,900.000000000000000,100.000000000000000
p_l,L3,2025-06-30 20:15:00,20250630,201500,2025-06-30 21:15:00,21,2025-06-30,2.283742341666664,9.134969366666654,9.134969366666667,15.000000000000000,900.000000000000000,100.000000000000000,1,900.000000000000000,100.000000000000000
p_l,ALL,2025-06-30 20:15:00,20250630,201500,2025-06-30 21:15:00,21,2025-06-30,6.697156616666663,26.788626466666653,8.929542155555554,15.000000000000000,900.000000000000000,100.000000000000000,1,900.000000000000000,100.000000000000000
p_l,L1,2025-06-30 20:30:00,20250630,203000,2025-06-30 21:30:00,21,2025-06-30,2.239510813888890,8.958043255555561,8.958043255555552,15.000000000000000,900.000000000000000,100.000000000000000,1,900.000000000000000,100.000000000000000
p_l,L2,2025-06-30 20:30:00,20250630,203000,2025-06-30 21:30:00,21,2025-06-30,1.993778144444445,7.975112577777779,7.975112577777772,15.000000000000000,900.000000000000000,100.000000000000000,1,900.000000000000000,100.000000000000000
p_l,L3,2025-06-30 20:30:00,20250630,203000,2025-06-30 21:30:00,21,2025-06-30,2.191649194444444,8.766596777777774,8.766596777777778,15.000000000000000,900.000000000000000,100.000000000000000,1,900.000000000000000,100.000000000000000
p_l,ALL,2025-06-30 20:30:00,20250630,203000,2025-06-30 21:30:00,21,2025-06-30,6.424938152777779,25.699752611111116,8.566584203703700,15.000000000000000,900.000000000000000,100.000000000000000,1,900.000000000000000,100.000000000000000
p_l,L1,2025-06-30 20:45:00,20250630,204500,2025-06-30 21:45:00,21,2025-06-30,2.212384555555555,8.849538222222220,8.849538222222220,15.000000000000000,900.000000000000000,100.000000000000000,1,900.000000000000000,100.000000000000000
p_l,L2,2025-06-30 20:45:00,20250630,204500,2025-06-30 21:45:00,21,2025-06-30,1.997419286111111,7.989677144444444,7.989677144444443,15.000000000000000,900.000000000000000,100.000000000000000,1,900.000000000000000,100.000000000000000
p_l,L3,2025-06-30 20:45:00,20250630,204500,2025-06-30 21:45:00,21,2025-06-30,2.173320372222222,8.693281488888889,8.693281488888893,15.000000000000000,900.000000000000000,100.000000000000000,1,900.000000000000000,100.000000000000000
p_l,ALL,2025-06-30 20:45:00,20250630,204500,2025-06-30 21:45:00,21,2025-06-30,6.383124213888888,25.532496855555554,8.510832285185186,15.000000000000000,900.000000000000000,100.000000000000000,1,900.000000000000000,100.000000000000000
p_l,L1,2025-06-30 21:00:00,20250630,210000,2025-06-30 22:00:00,22,2025-06-30,2.223298227777779,8.893192911111116,8.893192911111113,15.000000000000000,900.000000000000000,100.000000000000000,1,900.000000000000000,100.000000000000000
p_l,L2,2025-06-30 21:00:00,20250630,210000,2025-06-30 22:00:00,22,2025-06-30,1.997360280555556,7.989441122222223,7.989441122222222,15.000000000000000,900.000000000000000,100.000000000000000,1,900.000000000000000,100.000000000000000
p_l,L3,2025-06-30 21:00:00,20250630,210000,2025-06-30 22:00:00,22,2025-06-30,2.183866347222222,8.735465388888889,8.735465388888882,15.000000000000000,900.000000000000000,100.000000000000000,1,900.000000000000000,100.000000000000000
p_l,ALL,2025-06-30 21:00:00,20250630,210000,2025-06-30 22:00:00,22,2025-06-30,6.404524855555557,25.618099422222230,8.539366474074072,15.000000000000000,900.000000000000000,100.000000000000000,1,900.000000000000000,100.000000000000000
p_l,L1,2025-06-30 21:15:00,20250630,211500,2025-06-30 22:15:00,22,2025-06-30,2.223752405555557,8.895009622222227,8.895009622222224,15.000000000000000,900.000000000000000,100.000000000000000,1,900.000000000000000,100.000000000000000
p_l,L2,2025-06-30 21:15:00,20250630,211500,2025-06-30 22:15:00,22,2025-06-30,2.016119455555557,8.064477822222226,8.064477822222228,15.000000000000000,900.000000000000000,100.000000000000000,1,900.000000000000000,100.000000000000000
p_l,L3,2025-06-30 21:15:00,20250630,211500,2025-06-30 22:15:00,22,2025-06-30,2.186672933333333,8.746691733333330,8.746691733333336,15.000000000000000,900.000000000000000,100.000000000000000,1,900.000000000000000,100.000000000000000
p_l,ALL,2025-06-30 21:15:00,20250630,211500,2025-06-30 22:15:00,22,2025-06-30,6.426544794444446,25.706179177777784,8.568726392592596,15.000000000000000,900.000000000000000,100.000000000000000,1,900.000000000000000,100.000000000000000
p_l,L1,2025-06-30 21:30:00,20250630,213000,2025-06-30 22:30:00,22,2025-06-30,2.219723777777779,8.878895111111115,8.878895111111111,15.000000000000000,900.000000000000000,100.000000000000000,1,900.000000000000000,100.000000000000000
p_l,L2,2025-06-30 21:30:00,20250630,213000,2025-06-30 22:30:00,22,2025-06-30,2.025911877777780,8.103647511111118,8.103647511111120,15.000000000000000,900.000000000000000,100.000000000000000,1,900.000000000000000,100.000000000000000
p_l,L3,2025-06-30 21:30:00,20250630,213000,2025-06-30 22:30:00,22,2025-06-30,2.206271599999999,8.825086399999995,8.825086400000007,15.000000000000000,900.000000000000000,100.000000000000000,1,900.000000000000000,100.000000000000000
p_l,ALL,2025-06-30 21:30:00,20250630,213000,2025-06-30 22:30:00,22,2025-06-30,6.451907255555557,25.807629022222230,8.602543007407414,15.000000000000000,900.000000000000000,100.000000000000000,1,900.000000000000000,100.000000000000000
p_l,L1,2025-06-30 21:45:00,20250630,214500,2025-06-30 22:45:00,22,2025-06-30,2.226700869444448,8.906803477777791,8.906803477777773,15.000000000000000,900.000000000000000,100.000000000000000,1,900.000000000000000,100.000000000000000
p_l,L2,2025-06-30 21:45:00,20250630,214500,2025-06-30 22:45:00,22,2025-06-30,2.031888044444446,8.127552177777783,8.127552177777778,15.000000000000000,900.000000000000000,100.000000000000000,1,900.000000000000000,100.000000000000000
p_l,L3,2025-06-30 21:45:00,20250630,214500,2025-06-30 22:45:00,22,2025-06-30,2.226300286111112,8.905201144444449,8.905201144444451,15.000000000000000,900.000000000000000,100.000000000000000,1,900.000000000000000,100.000000000000000
p_l,ALL,2025-06-30 21:45:00,20250630,214500,2025-06-30 22:45:00,22,2025-06-30,6.484889200000005,25.939556800000020,8.646518933333335,15.000000000000000,900.000000000000000,100.000000000000000,1,900.000000000000000,100.000000000000000
p_l,L1,2025-06-30 22:00:00,20250630,220000,2025-06-30 23:00:00,23,2025-06-30,2.224490511111112,8.897962044444446,8.897962044444450,15.000000000000000,900.000000000000000,100.000000000000000,1,900.000000000000000,100.000000000000000
p_l,L2,2025-06-30 22:00:00,20250630,220000,2025-06-30 23:00:00,23,2025-06-30,2.025211202777778,8.100844811111113,8.100844811111115,15.000000000000000,900.000000000000000,100.000000000000000,1,900.000000000000000,100.000000000000000
p_l,L3,2025-06-30 22:00:00,20250630,220000,2025-06-30 23:00:00,23,2025-06-30,2.214844074999999,8.859376299999997,8.859376299999999,15.000000000000000,900.000000000000000,100.000000000000000,1,900.000000000000000,100.000000000000000
p_l,ALL,2025-06-30 22:00:00,20250630,220000,2025-06-30 23:00:00,23,2025-06-30,6.464545788888889,25.858183155555555,8.619394385185187,15.000000000000000,900.000000000000000,100.000000000000000,1,900.000000000000000,100.000000000000000
p_l,L1,2025-06-30 22:15:00,20250630,221500,2025-06-30 23:15:00,23,2025-06-30,2.252065180555554,9.008260722222216,9.008260722222220,15.000000000000000,900.000000000000000,100.000000000000000,1,900.000000000000000,100.000000000000000
p_l,L2,2025-06-30 22:15:00,20250630,221500,2025-06-30 23:15:00,23,2025-06-30,2.041408944444445,8.165635777777778,8.165635777777780,15.000000000000000,900.000000000000000,100.000000000000000,1,900.000000000000000,100.000000000000000
p_l,L3,2025-06-30 22:15:00,20250630,221500,2025-06-30 23:15:00,23,2025-06-30,2.237993494444446,8.951973977777783,8.951973977777781,15.000000000000000,900.000000000000000,100.000000000000000,1,900.000000000000000,100.000000000000000
p_l,ALL,2025-06-30 22:15:00,20250630,221500,2025-06-30 23:15:00,23,2025-06-30,6.531467619444445,26.125870477777781,8.708623492592594,15.000000000000000,900.000000000000000,100.000000000000000,1,900.000000000000000,100.000000000000000
p_l,L1,2025-06-30 22:30:00,20250630,223000,2025-06-30 23:30:00,23,2025-06-30,2.223202675000000,8.892810700000002,8.892810699999998,15.000000000000000,900.000000000000000,100.000000000000000,1,900.000000000000000,100.000000000000000
p_l,L2,2025-06-30 22:30:00,20250630,223000,2025-06-30 23:30:00,23,2025-06-30,2.060615811111110,8.242463244444441,8.242463244444439,15.000000000000000,900.000000000000000,100.000000000000000,1,900.000000000000000,100.000000000000000
p_l,L3,2025-06-30 22:30:00,20250630,223000,2025-06-30 23:30:00,23,2025-06-30,2.223675419444444,8.894701677777775,8.894701677777778,15.000000000000000,900.000000000000000,100.000000000000000,1,900.000000000000000,100.000000000000000
p_l,ALL,2025-06-30 22:30:00,20250630,223000,2025-06-30 23:30:00,23,2025-06-30,6.507493905555554,26.029975622222217,8.676658540740739,15.000000000000000,900.000000000000000,100.000000000000000,1,900.000000000000000,100.000000000000000
p_l,L1,2025-06-30 22:45:00,20250630,224500,2025-06-30 23:45:00,23,2025-06-30,2.226510366666665,8.906041466666661,8.906041466666668,15.000000000000000,900.000000000000000,100.000000000000000,1,900.000000000000000,100.000000000000000
p_l,L2,2025-06-30 22:45:00,20250630,224500,2025-06-30 23:45:00,23,2025-06-30,2.037301033333334,8.149204133333335,8.149204133333344,15.000000000000000,900.000000000000000,100.000000000000000,1,900.000000000000000,100.000000000000000
p_l,L3,2025-06-30 22:45:00,20250630,224500,2025-06-30 23:45:00,23,2025-06-30,2.220459077777778,8.881836311111112,8.881836311111112,15.000000000000000,900.000000000000000,100.000000000000000,1,900.000000000000000,100.000000000000000
p_l,ALL,2025-06-30 22:45:00,20250630,224500,2025-06-30 23:45:00,23,2025-06-30,6.484270477777777,25.937081911111108,8.645693970370374,15.000000000000000,900.000000000000000,100.000000000000000,1,900.000000000000000,100.000000000000000
p_l,L1,2025-06-30 23:00:00,20250630,230000,2025-07-01 00:00:00,0,2025-07-01,2.254183097222222,9.016732388888888,9.016732388888887,15.000000000000000,900.000000000000000,100.000000000000000,1,900.000000000000000,100.000000000000000
p_l,L2,2025-06-30 23:00:00,20250630,230000,2025-07-01 00:00:00,0,2025-07-01,2.064369813888889,8.257479255555555,8.257479255555554,15.000000000000000,900.000000000000000,100.000000000000000,1,900.000000000000000,100.000000000000000
p_l,L3,2025-06-30 23:00:00,20250630,230000,2025-07-01 00:00:00,0,2025-07-01,2.273659355555556,9.094637422222226,9.094637422222227,15.000000000000000,900.000000000000000,100.000000000000000,1,900.000000000000000,100.000000000000000
p_l,ALL,2025-06-30 23:00:00,20250630,230000,2025-07-01 00:00:00,0,2025-07-01,6.592212266666667,26.368849066666670,8.789616355555555,15.000000000000000,900.000000000000000,100.000000000000000,1,900.000000000000000,100.000000000000000
p_l,L1,2025-06-30 23:15:00,20250630,231500,2025-07-01 00:15:00,0,2025-07-01,2.261910702777778,9.047642811111110,9.047642811111110,15.000000000000000,900.000000000000000,100.000000000000000,1,900.000000000000000,100.000000000000000
p_l,L2,2025-06-30 23:15:00,20250630,231500,2025-07-01 00:15:00,0,2025-07-01,2.093340450000001,8.373361800000003,8.373361800000007,15.000000000000000,900.000000000000000,100.000000000000000,1,900.000000000000000,100.000000000000000
p_l,L3,2025-06-30 23:15:00,20250630,231500,2025-07-01 00:15:00,0,2025-07-01,2.261514483333336,9.046057933333342,9.046057933333339,15.000000000000000,900.000000000000000,100.000000000000000,1,900.000000000000000,100.000000000000000
p_l,ALL,2025-06-30 23:15:00,20250630,231500,2025-07-01 00:15:00,0,2025-07-01,6.616765636111115,26.467062544444460,8.822354181481485,15.000000000000000,900.000000000000000,100.000000000000000,1,900.000000000000000,100.000000000000000
p_l,L1,2025-06-30 23:30:00,20250630,233000,2025-07-01 00:30:00,0,2025-07-01,2.297630069444443,9.190520277777773,9.190520277777777,15.000000000000000,900.000000000000000,100.000000000000000,1,900.000000000000000,100.000000000000000
p_l,L2,2025-06-30 23:30:00,20250630,233000,2025-07-01 00:30:00,0,2025-07-01,2.109441127777778,8.437764511111112,8.437764511111105,15.000000000000000,900.000000000000000,100.000000000000000,1,900.000000000000000,100.000000000000000
p_l,L3,2025-06-30 23:30:00,20250630,233000,2025-07-01 00:30:00,0,2025-07-01,2.300649802777777,9.202599211111108,9.202599211111108,15.000000000000000,900.000000000000000,100.000000000000000,1,900.000000000000000,100.000000000000000
p_l,ALL,2025-06-30 23:30:00,20250630,233000,2025-07-01 00:30:00,0,2025-07-01,6.707720999999998,26.830883999999990,8.943627999999997,15.000000000000000,900.000000000000000,100.000000000000000,1,900.000000000000000,100.000000000000000
p_l,L1,2025-06-30 23:45:00,20250630,234500,2025-07-01 00:45:00,0,2025-07-01,2.227159822222221,8.908639288888883,8.908639288888887,15.000000000000000,900.000000000000000,100.000000000000000,1,900.000000000000000,100.000000000000000
p_l,L2,2025-06-30 23:45:00,20250630,234500,2025-07-01 00:45:00,0,2025-07-01,2.075609494444444,8.302437977777776,8.302437977777782,15.000000000000000,900.000000000000000,100.000000000000000,1,900.000000000000000,100.000000000000000
p_l,L3,2025-06-30 23:45:00,20250630,234500,2025-07-01 00:45:00,0,2025-07-01,2.232724444444443,8.930897777777771,8.930897777777776,15.000000000000000,900.000000000000000,100.000000000000000,1,900.000000000000000,100.000000000000000
p_l,ALL,2025-06-30 23:45:00,20250630,234500,2025-07-01 00:45:00,0,2025-07-01,6.535493761111107,26.141975044444429,8.713991681481483,15.000000000000000,900.000000000000000,100.000000000000000,1,900.000000000000000,100.000000000000000
