AssetId,Phase,window_start_utc,DateKeyUtc,TimeKeyUtc,WindowStartLocal,HourLocal,DateLocal,Energy_kWh_15m,Demand_kW,AvgPower_kW_15m,Minutes,SecondsObserved,DataCoveragePct,IsReliableWindow,SecondsReliable,ReliableCoveragePct
p_i,L1,2025-06-18 00:00:00,20250618,0,2025-06-18 01:00:00,1,2025-06-18,0.385886994444444,1.543547977777777,1.543547977777777,15.000000000000000,900.000000000000000,100.000000000000000,1,900.000000000000000,100.000000000000000
p_i,L2,2025-06-18 00:00:00,20250618,0,2025-06-18 01:00:00,1,2025-06-18,0.492580569444445,1.970322277777779,1.970322277777779,15.000000000000000,900.000000000000000,100.000000000000000,1,900.000000000000000,100.000000000000000
p_i,L3,2025-06-18 00:00:00,20250618,0,2025-06-18 01:00:00,1,2025-06-18,0.505636275000000,2.022545099999998,2.022545100000001,15.000000000000000,900.000000000000000,100.000000000000000,1,900.000000000000000,100.000000000000000
p_i,ALL,2025-06-18 00:00:00,20250618,0,2025-06-18 01:00:00,1,2025-06-18,1.384103838888888,5.536415355555554,1.845471785185186,15.000000000000000,900.000000000000000,100.000000000000000,1,900.000000000000000,100.000000000000000
p_i,L1,2025-06-18 00:15:00,20250618,1500,2025-06-18 01:15:00,1,2025-06-18,0.939173580555556,3.756694322222223,3.756694322222221,15.000000000000000,900.000000000000000,100.000000000000000,1,900.000000000000000,100.000000000000000
p_i,L2,2025-06-18 00:15:00,20250618,1500,2025-06-18 01:15:00,1,2025-06-18,1.083974450000000,4.335897800000000,4.335897800000000,15.000000000000000,900.000000000000000,100.000000000000000,1,900.000000000000000,100.000000000000000
p_i,L3,2025-06-18 00:15:00,20250618,1500,2025-06-18 01:15:00,1,2025-06-18,1.065731561111110,4.262926244444441,4.262926244444441,15.000000000000000,900.000000000000000,100.000000000000000,1,900.000000000000000,100.000000000000000
p_i,ALL,2025-06-18 00:15:00,20250618,1500,2025-06-18 01:15:00,1,2025-06-18,3.088879591666666,12.355518366666665,4.118506122222221,15.000000000000000,900.000000000000000,100.000000000000000,1,900.000000000000000,100.000000000000000
p_i,L1,2025-06-18 00:30:00,20250618,3000,2025-06-18 01:30:00,1,2025-06-18,1.031486822222222,4.125947288888887,4.125947288888888,15.000000000000000,900.000000000000000,100.000000000000000,1,900.000000000000000,100.000000000000000
p_i,L2,2025-06-18 00:30:00,20250618,3000,2025-06-18 01:30:00,1,2025-06-18,0.895418469444444,3.581673877777778,3.581673877777781,15.000000000000000,900.000000000000000,100.000000000000000,1,900.000000000000000,100.000000000000000
p_i,L3,2025-06-18 00:30:00,20250618,3000,2025-06-18 01:30:00,1,2025-06-18,1.157813083333334,4.631252333333334,4.631252333333334,15.000000000000000,900.000000000000000,100.000000000000000,1,900.000000000000000,100.000000000000000
p_i,ALL,2025-06-18 00:30:00,20250618,3000,2025-06-18 01:30:00,1,2025-06-18,3.084718375000000,12.338873499999998,4.112957833333335,15.000000000000000,900.000000000000000,100.000000000000000,1,900.000000000000000,100.000000000000000
p_i,L1,2025-06-18 00:45:00,20250618,4500,2025-06-18 01:45:00,1,2025-06-18,0.685355205555555,2.741420822222222,2.741420822222220,15.000000000000000,900.000000000000000,100.000000000000000,1,900.000000000000000,100.000000000000000
p_i,L2,2025-06-18 00:45:00,20250618,4500,2025-06-18 01:45:00,1,2025-06-18,0.459464200000000,1.837856800000000,1.837856800000002,15.000000000000000,900.000000000000000,100.000000000000000,1,900.000000000000000,100.000000000000000
p_i,L3,2025-06-18 00:45:00,20250618,4500,2025-06-18 01:45:00,1,2025-06-18,0.806794469444445,3.227177877777779,3.227177877777781,15.000000000000000,900.000000000000000,100.000000000000000,1,900.000000000000000,100.000000000000000
p_i,ALL,2025-06-18 00:45:00,20250618,4500,2025-06-18 01:45:00,1,2025-06-18,1.951613875000000,7.806455500000000,2.602151833333334,15.000000000000000,900.000000000000000,100.000000000000000,1,900.000000000000000,100.000000000000000
p_i,L1,2025-06-18 01:00:00,20250618,10000,2025-06-18 02:00:00,2,2025-06-18,0.280266136111111,1.121064544444444,1.121064544444445,15.000000000000000,900.000000000000000,100.000000000000000,1,900.000000000000000,100.000000000000000
p_i,L2,2025-06-18 01:00:00,20250618,10000,2025-06-18 02:00:00,2,2025-06-18,0.326189747222222,1.304758988888889,1.304758988888889,15.000000000000000,900.000000000000000,100.000000000000000,1,900.000000000000000,100.000000000000000
p_i,L3,2025-06-18 01:00:00,20250618,10000,2025-06-18 02:00:00,2,2025-06-18,0.396568475000000,1.586273900000001,1.586273899999998,15.000000000000000,900.000000000000000,100.000000000000000,1,900.000000000000000,100.000000000000000
p_i,ALL,2025-06-18 01:00:00,20250618,10000,2025-06-18 02:00:00,2,2025-06-18,1.003024358333334,4.012097433333334,1.337365811111111,15.000000000000000,900.000000000000000,100.000000000000000,1,900.000000000000000,100.000000000000000
p_i,L1,2025-06-18 01:15:00,20250618,11500,2025-06-18 02:15:00,2,2025-06-18,0.620708275000000,2.482833100000000,2.482833099999998,15.000000000000000,900.000000000000000,100.000000000000000,1,900.000000000000000,100.000000000000000
p_i,L2,2025-06-18 01:15:00,20250618,11500,2025-06-18 02:15:00,2,2025-06-18,0.809466819444444,3.237867277777777,3.237867277777776,15.000000000000000,900.000000000000000,100.000000000000000,1,900.000000000000000,100.000000000000000
p_i,L3,2025-06-18 01:15:00,20250618,11500,2025-06-18 02:15:00,2,2025-06-18,0.742095302777778,2.968381211111111,2.968381211111110,15.000000000000000,900.000000000000000,100.000000000000000,1,900.000000000000000,100.000000000000000
p_i,ALL,2025-06-18 01:15:00,20250618,11500,2025-06-18 02:15:00,2,2025-06-18,2.172270397222222,8.689081588888888,2.896360529629628,15.000000000000000,900.000000000000000,100.000000000000000,1,900.000000000000000,100.000000000000000
p_i,L1,2025-06-18 01:30:00,20250618,13000,2025-06-18 02:30:00,2,2025-06-18,0.475139836111111,1.900559344444443,1.900559344444444,15.000000000000000,900.000000000000000,100.000000000000000,1,900.000000000000000,100.000000000000000
p_i,L2,2025-06-18 01:30:00,20250618,13000,2025-06-18 02:30:00,2,2025-06-18,0.614468636111111,2.457874544444445,2.457874544444442,15.000000000000000,900.000000000000000,100.000000000000000,1,900.000000000000000,100.000000000000000
p_i,L3,2025-06-18 01:30:00,20250618,13000,2025-06-18 02:30:00,2,2025-06-18,0.595745966666666,2.382983866666663,2.382983866666667,15.000000000000000,900.000000000000000,100.000000000000000,1,900.000000000000000,100.000000000000000
p_i,ALL,2025-06-18 01:30:00,20250618,13000,2025-06-18 02:30:00,2,2025-06-18,1.685354438888888,6.741417755555551,2.247139251851851,15.000000000000000,900.000000000000000,100.000000000000000,1,900.000000000000000,100.000000000000000
p_i,L1,2025-06-18 01:45:00,20250618,14500,2025-06-18 02:45:00,2,2025-06-18,0.121058677777778,0.484234711111111,0.484234711111111,15.000000000000000,900.000000000000000,100.000000000000000,1,900.000000000000000,100.000000000000000
p_i,L2,2025-06-18 01:45:00,20250618,14500,2025-06-18 02:45:00,2,2025-06-18,0.096868127777778,0.387472511111111,0.387472511111111,15.000000000000000,900.000000000000000,100.000000000000000,1,900.000000000000000,100.000000000000000
p_i,L3,2025-06-18 01:45:00,20250618,14500,2025-06-18 02:45:00,2,2025-06-18,0.235536516666667,0.942146066666667,0.942146066666667,15.000000000000000,900.000000000000000,100.000000000000000,1,900.000000000000000,100.000000000000000
p_i,ALL,2025-06-18 01:45:00,20250618,14500,2025-06-18 02:45:00,2,2025-06-18,0.453463322222222,1.813853288888889,0.604617762962963,15.000000000000000,900.000000000000000,100.000000000000000,1,900.000000000000000,100.000000000000000
p_i,L1,2025-06-18 02:00:00,20250618,20000,2025-06-18 03:00:00,3,2025-06-18,0.619669030555556,2.478676122222223,2.478676122222221,15.000000000000000,900.000000000000000,100.000000000000000,1,900.000000000000000,100.000000000000000
p_i,L2,2025-06-18 02:00:00,20250618,20000,2025-06-18 03:00:00,3,2025-06-18,0.559565986111111,2.238263944444444,2.238263944444445,15.000000000000000,900.000000000000000,100.000000000000000,1,900.000000000000000,100.000000000000000
p_i,L3,2025-06-18 02:00:00,20250618,20000,2025-06-18 03:00:00,3,2025-06-18,0.741142605555556,2.964570422222224,2.964570422222220,15.000000000000000,900.000000000000000,100.000000000000000,1,900.000000000000000,100.000000000000000
p_i,ALL,2025-06-18 02:00:00,20250618,20000,2025-06-18 03:00:00,3,2025-06-18,1.920377622222223,7.681510488888891,2.560503496296296,15.000000000000000,900.000000000000000,100.000000000000000,1,900.000000000000000,100.000000000000000
p_i,L1,2025-06-18 02:15:00,20250618,21500,2025-06-18 03:15:00,3,2025-06-18,1.453567575000001,5.814270300000002,5.814270299999997,15.000000000000000,900.000000000000000,100.000000000000000,1,900.000000000000000,100.000000000000000
p_i,L2,2025-06-18 02:15:00,20250618,21500,2025-06-18 03:15:00,3,2025-06-18,1.436998952777777,5.747995811111109,5.747995811111106,15.000000000000000,900.000000000000000,100.000000000000000,1,900.000000000000000,100.000000000000000
p_i,L3,2025-06-18 02:15:00,20250618,21500,2025-06-18 03:15:00,3,2025-06-18,1.586673919444444,6.346695677777776,6.346695677777777,15.000000000000000,900.000000000000000,100.000000000000000,1,900.000000000000000,100.000000000000000
p_i,ALL,2025-06-18 02:15:00,20250618,21500,2025-06-18 03:15:00,3,2025-06-18,4.477240447222222,17.908961788888888,5.969653929629627,15.000000000000000,900.000000000000000,100.000000000000000,1,900.000000000000000,100.000000000000000
p_i,L1,2025-06-18 02:30:00,20250618,23000,2025-06-18 03:30:00,3,2025-06-18,0.983522463888889,3.934089855555556,3.934089855555556,15.000000000000000,900.000000000000000,100.000000000000000,1,900.000000000000000,100.000000000000000
p_i,L2,2025-06-18 02:30:00,20250618,23000,2025-06-18 03:30:00,3,2025-06-18,1.016140511111110,4.064562044444441,4.064562044444441,15.000000000000000,900.000000000000000,100.000000000000000,1,900.000000000000000,100.000000000000000
p_i,L3,2025-06-18 02:30:00,20250618,23000,2025-06-18 03:30:00,3,2025-06-18,1.110143461111111,4.440573844444443,4.440573844444438,15.000000000000000,900.000000000000000,100.000000000000000,1,900.000000000000000,100.000000000000000
p_i,ALL,2025-06-18 02:30:00,20250618,23000,2025-06-18 03:30:00,3,2025-06-18,3.109806436111110,12.439225744444441,4.146408581481478,15.000000000000000,900.000000000000000,100.000000000000000,1,900.000000000000000,100.000000000000000
p_i,L1,2025-06-18 02:45:00,20250618,24500,2025-06-18 03:45:00,3,2025-06-18,0.036047666666667,0.144190666666667,0.144190666666667,15.000000000000000,900.000000000000000,100.000000000000000,1,900.000000000000000,100.000000000000000
p_i,L2,2025-06-18 02:45:00,20250618,24500,2025-06-18 03:45:00,3,2025-06-18,0.025654769444444,0.102619077777778,0.102619077777778,15.000000000000000,900.000000000000000,100.000000000000000,1,900.000000000000000,100.000000000000000
p_i,L3,2025-06-18 02:45:00,20250618,24500,2025-06-18 03:45:00,3,2025-06-18,0.152636572222222,0.610546288888888,0.610546288888889,15.000000000000000,900.000000000000000,100.000000000000000,1,900.000000000000000,100.000000000000000
p_i,ALL,2025-06-18 02:45:00,20250618,24500,2025-06-18 03:45:00,3,2025-06-18,0.214339008333333,0.857356033333333,0.285785344444445,15.000000000000000,900.000000000000000,100.000000000000000,1,900.000000000000000,100.000000000000000
p_i,L1,2025-06-18 03:00:00,20250618,30000,2025-06-18 04:00:00,4,2025-06-18,0.058892966666667,0.235571866666667,0.235571866666667,15.000000000000000,900.000000000000000,100.000000000000000,1,900.000000000000000,100.000000000000000
p_i,L2,2025-06-18 03:00:00,20250618,30000,2025-06-18 04:00:00,4,2025-06-18,0.053983366666667,0.215933466666667,0.215933466666667,15.000000000000000,900.000000000000000,100.000000000000000,1,900.000000000000000,100.000000000000000
p_i,L3,2025-06-18 03:00:00,20250618,30000,2025-06-18 04:00:00,4,2025-06-18,0.173914466666667,0.695657866666666,0.695657866666667,15.000000000000000,900.000000000000000,100.000000000000000,1,900.000000000000000,100.000000000000000
p_i,ALL,2025-06-18 03:00:00,20250618,30000,2025-06-18 04:00:00,4,2025-06-18,0.286790800000000,1.147163200000000,0.382387733333333,15.000000000000000,900.000000000000000,100.000000000000000,1,900.000000000000000,100.000000000000000
p_i,L1,2025-06-18 03:15:00,20250618,31500,2025-06-18 04:15:00,4,2025-06-18,0.392352655555555,1.569410622222222,1.569410622222222,15.000000000000000,900.000000000000000,100.000000000000000,1,900.000000000000000,100.000000000000000
p_i,L2,2025-06-18 03:15:00,20250618,31500,2025-06-18 04:15:00,4,2025-06-18,0.500982777777778,2.003931111111112,2.003931111111112,15.000000000000000,900.000000000000000,100.000000000000000,1,900.000000000000000,100.000000000000000
p_i,L3,2025-06-18 03:15:00,20250618,31500,2025-06-18 04:15:00,4,2025-06-18,0.510733650000000,2.042934600000001,2.042934600000000,15.000000000000000,900.000000000000000,100.000000000000000,1,900.000000000000000,100.000000000000000
p_i,ALL,2025-06-18 03:15:00,20250618,31500,2025-06-18 04:15:00,4,2025-06-18,1.404069083333334,5.616276333333335,1.872092111111111,15.000000000000000,900.000000000000000,100.000000000000000,1,900.000000000000000,100.000000000000000
p_i,L1,2025-06-18 03:30:00,20250618,33000,2025-06-18 04:30:00,4,2025-06-18,0.720961741666667,2.883846966666666,2.883846966666665,15.000000000000000,900.000000000000000,100.000000000000000,1,900.000000000000000,100.000000000000000
p_i,L2,2025-06-18 03:30:00,20250618,33000,2025-06-18 04:30:00,4,2025-06-18,0.901189350000000,3.604757400000001,3.604757399999999,15.000000000000000,900.000000000000000,100.000000000000000,1,900.000000000000000,100.000000000000000
p_i,L3,2025-06-18 03:30:00,20250618,33000,2025-06-18 04:30:00,4,2025-06-18,0.844426852777778,3.377707411111110,3.377707411111112,15.000000000000000,900.000000000000000,100.000000000000000,1,900.000000000000000,100.000000000000000
p_i,ALL,2025-06-18 03:30:00,20250618,33000,2025-06-18 04:30:00,4,2025-06-18,2.466577944444444,9.866311777777778,3.288770592592592,15.000000000000000,900.000000000000000,100.000000000000000,1,900.000000000000000,100.000000000000000
p_i,L1,2025-06-18 03:45:00,20250618,34500,2025-06-18 04:45:00,4,2025-06-18,0.751018030555556,3.004072122222223,3.004072122222220,15.000000000000000,900.000000000000000,100.000000000000000,1,900.000000000000000,100.000000000000000
p_i,L2,2025-06-18 03:45:00,20250618,34500,2025-06-18 04:45:00,4,2025-06-18,0.646487266666666,2.585949066666665,2.585949066666665,15.000000000000000,900.000000000000000,100.000000000000000,1,900.000000000000000,100.000000000000000
p_i,L3,2025-06-18 03:45:00,20250618,34500,2025-06-18 04:45:00,4,2025-06-18,0.874266530555556,3.497066122222225,3.497066122222222,15.000000000000000,900.000000000000000,100.000000000000000,1,900.000000000000000,100.000000000000000
p_i,ALL,2025-06-18 03:45:00,20250618,34500,2025-06-18 04:45:00,4,2025-06-18,2.271771827777778,9.087087311111112,3.029029103703702,15.000000000000000,900.000000000000000,100.000000000000000,1,900.000000000000000,100.000000000000000
p_i,L1,2025-06-18 04:00:00,20250618,40000,2025-06-18 05:00:00,5,2025-06-18,0.727779944444445,2.911119777777779,2.911119777777777,15.000000000000000,900.000000000000000,100.000000000000000,1,900.000000000000000,100.000000000000000
p_i,L2,2025-06-18 04:00:00,20250618,40000,2025-06-18 05:00:00,5,2025-06-18,0.489928516666666,1.959714066666666,1.959714066666667,15.000000000000000,900.000000000000000,100.000000000000000,1,900.000000000000000,100.000000000000000
p_i,L3,2025-06-18 04:00:00,20250618,40000,2025-06-18 05:00:00,5,2025-06-18,0.851157163888888,3.404628655555553,3.404628655555552,15.000000000000000,900.000000000000000,100.000000000000000,1,900.000000000000000,100.000000000000000
p_i,ALL,2025-06-18 04:00:00,20250618,40000,2025-06-18 05:00:00,5,2025-06-18,2.068865624999999,8.275462499999998,2.758487499999999,15.000000000000000,900.000000000000000,100.000000000000000,1,900.000000000000000,100.000000000000000
p_i,L1,2025-06-18 04:15:00,20250618,41500,2025-06-18 05:15:00,5,2025-06-18,0.432314288888889,1.729257155555556,1.729257155555557,15.000000000000000,900.000000000000000,100.000000000000000,1,900.000000000000000,100.000000000000000
p_i,L2,2025-06-18 04:15:00,20250618,41500,2025-06-18 05:15:00,5,2025-06-18,0.449197519444445,1.796790077777778,1.796790077777779,15.000000000000000,900.000000000000000,100.000000000000000,1,900.000000000000000,100.000000000000000
p_i,L3,2025-06-18 04:15:00,20250618,41500,2025-06-18 05:15:00,5,2025-06-18,0.551505352777778,2.206021411111113,2.206021411111113,15.000000000000000,900.000000000000000,100.000000000000000,1,900.000000000000000,100.000000000000000
p_i,ALL,2025-06-18 04:15:00,20250618,41500,2025-06-18 05:15:00,5,2025-06-18,1.433017161111112,5.732068644444447,1.910689548148149,15.000000000000000,900.000000000000000,100.000000000000000,1,900.000000000000000,100.000000000000000
p_i,L1,2025-06-18 04:30:00,20250618,43000,2025-06-18 05:30:00,5,2025-06-18,0.571077986111111,2.284311944444443,2.284311944444446,15.000000000000000,900.000000000000000,100.000000000000000,1,900.000000000000000,100.000000000000000
p_i,L2,2025-06-18 04:30:00,20250618,43000,2025-06-18 05:30:00,5,2025-06-18,0.738566344444444,2.954265377777777,2.954265377777777,15.000000000000000,900.000000000000000,100.000000000000000,1,900.000000000000000,100.000000000000000
p_i,L3,2025-06-18 04:30:00,20250618,43000,2025-06-18 05:30:00,5,2025-06-18,0.689470450000000,2.757881799999998,2.757881800000000,15.000000000000000,900.000000000000000,100.000000000000000,1,900.000000000000000,100.000000000000000
p_i,ALL,2025-06-18 04:30:00,20250618,43000,2025-06-18 05:30:00,5,2025-06-18,1.999114780555554,7.996459122222218,2.665486374074074,15.000000000000000,900.000000000000000,100.000000000000000,1,900.000000000000000,100.000000000000000
p_i,L1,2025-06-18 04:45:00,20250618,44500,2025-06-18 05:45:00,5,2025-06-18,0.323126375000000,1.292505500000000,1.292505499999999,15.000000000000000,900.000000000000000,100.000000000000000,1,900.000000000000000,100.000000000000000
p_i,L2,2025-06-18 04:45:00,20250618,44500,2025-06-18 05:45:00,5,2025-06-18,0.404649683333334,1.618598733333335,1.618598733333334,15.000000000000000,900.000000000000000,100.000000000000000,1,900.000000000000000,100.000000000000000
p_i,L3,2025-06-18 04:45:00,20250618,44500,2025-06-18 05:45:00,5,2025-06-18,0.437671638888889,1.750686555555558,1.750686555555555,15.000000000000000,900.000000000000000,100.000000000000000,1,900.000000000000000,100.000000000000000
p_i,ALL,2025-06-18 04:45:00,20250618,44500,2025-06-18 05:45:00,5,2025-06-18,1.165447697222223,4.661790788888893,1.553930262962963,15.000000000000000,900.000000000000000,100.000000000000000,1,900.000000000000000,100.000000000000000
p_i,L1,2025-06-18 05:00:00,20250618,50000,2025-06-18 06:00:00,6,2025-06-18,0.036123305555556,0.144493222222222,0.144493222222222,15.000000000000000,900.000000000000000,100.000000000000000,1,900.000000000000000,100.000000000000000
p_i,L2,2025-06-18 05:00:00,20250618,50000,2025-06-18 06:00:00,6,2025-06-18,0.019075461111111,0.076301844444445,0.076301844444444,15.000000000000000,900.000000000000000,100.000000000000000,1,900.000000000000000,100.000000000000000
p_i,L3,2025-06-18 05:00:00,20250618,50000,2025-06-18 06:00:00,6,2025-06-18,0.145875533333333,0.583502133333333,0.583502133333334,15.000000000000000,900.000000000000000,100.000000000000000,1,900.000000000000000,100.000000000000000
p_i,ALL,2025-06-18 05:00:00,20250618,50000,2025-06-18 06:00:00,6,2025-06-18,0.201074300000000,0.804297200000000,0.268099066666667,15.000000000000000,900.000000000000000,100.000000000000000,1,900.000000000000000,100.000000000000000
p_i,L1,2025-06-18 05:15:00,20250618,51500,2025-06-18 06:15:00,6,2025-06-18,0.534551955555556,2.138207822222222,2.138207822222221,15.000000000000000,900.000000000000000,100.000000000000000,1,900.000000000000000,100.000000000000000
p_i,L2,2025-06-18 05:15:00,20250618,51500,2025-06-18 06:15:00,6,2025-06-18,0.525418036111111,2.101672144444444,2.101672144444445,15.000000000000000,900.000000000000000,100.000000000000000,1,900.000000000000000,100.000000000000000
p_i,L3,2025-06-18 05:15:00,20250618,51500,2025-06-18 06:15:00,6,2025-06-18,0.648883636111111,2.595534544444443,2.595534544444445,15.000000000000000,900.000000000000000,100.000000000000000,1,900.000000000000000,100.000000000000000
p_i,ALL,2025-06-18 05:15:00,20250618,51500,2025-06-18 06:15:00,6,2025-06-18,1.708853627777777,6.835414511111109,2.278471503703703,15.000000000000000,900.000000000000000,100.000000000000000,1,900.000000000000000,100.000000000000000
p_i,L1,2025-06-18 05:30:00,20250618,53000,2025-06-18 06:30:00,6,2025-06-18,1.403834305555557,5.615337222222227,5.615337222222227,15.000000000000000,900.000000000000000,100.000000000000000,1,900.000000000000000,100.000000000000000
p_i,L2,2025-06-18 05:30:00,20250618,53000,2025-06-18 06:30:00,6,2025-06-18,1.392763494444444,5.571053977777776,5.571053977777774,15.000000000000000,900.000000000000000,100.000000000000000,1,900.000000000000000,100.000000000000000
p_i,L3,2025-06-18 05:30:00,20250618,53000,2025-06-18 06:30:00,6,2025-06-18,1.527764102777778,6.111056411111112,6.111056411111109,15.000000000000000,900.000000000000000,100.000000000000000,1,900.000000000000000,100.000000000000000
p_i,ALL,2025-06-18 05:30:00,20250618,53000,2025-06-18 06:30:00,6,2025-06-18,4.324361902777778,17.297447611111114,5.765815870370370,15.000000000000000,900.000000000000000,100.000000000000000,1,900.000000000000000,100.000000000000000
p_i,L1,2025-06-18 05:45:00,20250618,54500,2025-06-18 06:45:00,6,2025-06-18,1.041596786111112,4.166387144444446,4.166387144444443,15.000000000000000,900.000000000000000,100.000000000000000,1,900.000000000000000,100.000000000000000
p_i,L2,2025-06-18 05:45:00,20250618,54500,2025-06-18 06:45:00,6,2025-06-18,0.972933919444444,3.891735677777778,3.891735677777776,15.000000000000000,900.000000000000000,100.000000000000000,1,900.000000000000000,100.000000000000000
p_i,L3,2025-06-18 05:45:00,20250618,54500,2025-06-18 06:45:00,6,2025-06-18,1.161169147222223,4.644676588888891,4.644676588888884,15.000000000000000,900.000000000000000,100.000000000000000,1,900.000000000000000,100.000000000000000
p_i,ALL,2025-06-18 05:45:00,20250618,54500,2025-06-18 06:45:00,6,2025-06-18,3.175699852777779,12.702799411111116,4.234266470370367,15.000000000000000,900.000000000000000,100.000000000000000,1,900.000000000000000,100.000000000000000
p_i,L1,2025-06-18 06:00:00,20250618,60000,2025-06-18 07:00:00,7,2025-06-18,0.046721772222222,0.186887088888889,0.186887088888889,15.000000000000000,900.000000000000000,100.000000000000000,1,900.000000000000000,100.000000000000000
p_i,L2,2025-06-18 06:00:00,20250618,60000,2025-06-18 07:00:00,7,2025-06-18,0.023049408333333,0.092197633333333,0.092197633333334,15.000000000000000,900.000000000000000,100.000000000000000,1,900.000000000000000,100.000000000000000
p_i,L3,2025-06-18 06:00:00,20250618,60000,2025-06-18 07:00:00,7,2025-06-18,0.153832977777778,0.615331911111111,0.615331911111112,15.000000000000000,900.000000000000000,100.000000000000000,1,900.000000000000000,100.000000000000000
p_i,ALL,2025-06-18 06:00:00,20250618,60000,2025-06-18 07:00:00,7,2025-06-18,0.223604158333333,0.894416633333333,0.298138877777778,15.000000000000000,900.000000000000000,100.000000000000000,1,900.000000000000000,100.000000000000000
p_i,L1,2025-06-18 06:15:00,20250618,61500,2025-06-18 07:15:00,7,2025-06-18,0.064758244444444,0.259032977777778,0.259032977777778,15.000000000000000,900.000000000000000,100.000000000000000,1,900.000000000000000,100.000000000000000
p_i,L2,2025-06-18 06:15:00,20250618,61500,2025-06-18 07:15:00,7,2025-06-18,0.061424311111111,0.245697244444444,0.245697244444445,15.000000000000000,900.000000000000000,100.000000000000000,1,900.000000000000000,100.000000000000000
p_i,L3,2025-06-18 06:15:00,20250618,61500,2025-06-18 07:15:00,7,2025-06-18,0.173109261111111,0.692437044444445,0.692437044444445,15.000000000000000,900.000000000000000,100.000000000000000,1,900.000000000000000,100.000000000000000
p_i,ALL,2025-06-18 06:15:00,20250618,61500,2025-06-18 07:15:00,7,2025-06-18,0.299291816666667,1.197167266666667,0.399055755555556,15.000000000000000,900.000000000000000,100.000000000000000,1,900.000000000000000,100.000000000000000
p_i,L1,2025-06-18 06:30:00,20250618,63000,2025-06-18 07:30:00,7,2025-06-18,0.451093625000000,1.804374500000000,1.804374499999999,15.000000000000000,900.000000000000000,100.000000000000000,1,900.000000000000000,100.000000000000000
p_i,L2,2025-06-18 06:30:00,20250618,63000,2025-06-18 07:30:00,7,2025-06-18,0.583978352777777,2.335913411111110,2.335913411111112,15.000000000000000,900.000000000000000,100.000000000000000,1,900.000000000000000,100.000000000000000
p_i,L3,2025-06-18 06:30:00,20250618,63000,2025-06-18 07:30:00,7,2025-06-18,0.567832666666667,2.271330666666667,2.271330666666667,15.000000000000000,900.000000000000000,100.000000000000000,1,900.000000000000000,100.000000000000000
p_i,ALL,2025-06-18 06:30:00,20250618,63000,2025-06-18 07:30:00,7,2025-06-18,1.602904644444444,6.411618577777777,2.137206192592592,15.000000000000000,900.000000000000000,100.000000000000000,1,900.000000000000000,100.000000000000000
p_i,L1,2025-06-18 06:45:00,20250618,64500,2025-06-18 07:45:00,7,2025-06-18,0.639371777777778,2.557487111111110,2.557487111111108,15.000000000000000,900.000000000000000,100.000000000000000,1,900.000000000000000,100.000000000000000
p_i,L2,2025-06-18 06:45:00,20250618,64500,2025-06-18 07:45:00,7,2025-06-18,0.820220472222222,3.280881888888887,3.280881888888886,15.000000000000000,900.000000000000000,100.000000000000000,1,900.000000000000000,100.000000000000000
p_i,L3,2025-06-18 06:45:00,20250618,64500,2025-06-18 07:45:00,7,2025-06-18,0.761391919444445,3.045567677777780,3.045567677777781,15.000000000000000,900.000000000000000,100.000000000000000,1,900.000000000000000,100.000000000000000
p_i,ALL,2025-06-18 06:45:00,20250618,64500,2025-06-18 07:45:00,7,2025-06-18,2.220984169444444,8.883936677777777,2.961312225925925,15.000000000000000,900.000000000000000,100.000000000000000,1,900.000000000000000,100.000000000000000
p_i,L1,2025-06-18 07:00:00,20250618,70000,2025-06-18 08:00:00,8,2025-06-18,0.538254211111111,2.153016844444442,2.153016844444443,15.000000000000000,900.000000000000000,100.000000000000000,1,900.000000000000000,100.000000000000000
p_i,L2,2025-06-18 07:00:00,20250618,70000,2025-06-18 08:00:00,8,2025-06-18,0.474027241666667,1.896108966666669,1.896108966666667,15.000000000000000,900.000000000000000,100.000000000000000,1,900.000000000000000,100.000000000000000
p_i,L3,2025-06-18 07:00:00,20250618,70000,2025-06-18 08:00:00,8,2025-06-18,0.655365622222222,2.621462488888889,2.621462488888889,15.000000000000000,900.000000000000000,100.000000000000000,1,900.000000000000000,100.000000000000000
p_i,ALL,2025-06-18 07:00:00,20250618,70000,2025-06-18 08:00:00,8,2025-06-18,1.667647075000000,6.670588299999999,2.223529433333333,15.000000000000000,900.000000000000000,100.000000000000000,1,900.000000000000000,100.000000000000000
p_i,L1,2025-06-18 07:15:00,20250618,71500,2025-06-18 08:15:00,8,2025-06-18,0.743252097222222,2.973008388888889,2.973008388888890,15.000000000000000,900.000000000000000,100.000000000000000,1,900.000000000000000,100.000000000000000
p_i,L2,2025-06-18 07:15:00,20250618,71500,2025-06-18 08:15:00,8,2025-06-18,0.499442563888889,1.997770255555556,1.997770255555556,15.000000000000000,900.000000000000000,100.000000000000000,1,900.000000000000000,100.000000000000000
p_i,L3,2025-06-18 07:15:00,20250618,71500,2025-06-18 08:15:00,8,2025-06-18,0.861736844444445,3.446947377777779,3.446947377777780,15.000000000000000,900.000000000000000,100.000000000000000,1,900.000000000000000,100.000000000000000
p_i,ALL,2025-06-18 07:15:00,20250618,71500,2025-06-18 08:15:00,8,2025-06-18,2.104431505555556,8.417726022222224,2.805908674074075,15.000000000000000,900.000000000000000,100.000000000000000,1,900.000000000000000,100.000000000000000
p_i,L1,2025-06-18 07:30:00,20250618,73000,2025-06-18 08:30:00,8,2025-06-18,0.727417222222222,2.909668888888889,2.909668888888885,15.000000000000000,900.000000000000000,100.000000000000000,1,900.000000000000000,100.000000000000000
p_i,L2,2025-06-18 07:30:00,20250618,73000,2025-06-18 08:30:00,8,2025-06-18,0.701844680555555,2.807378722222222,2.807378722222220,15.000000000000000,900.000000000000000,100.000000000000000,1,900.000000000000000,100.000000000000000
p_i,L3,2025-06-18 07:30:00,20250618,73000,2025-06-18 08:30:00,8,2025-06-18,0.846194127777778,3.384776511111114,3.384776511111112,15.000000000000000,900.000000000000000,100.000000000000000,1,900.000000000000000,100.000000000000000
p_i,ALL,2025-06-18 07:30:00,20250618,73000,2025-06-18 08:30:00,8,2025-06-18,2.275456030555556,9.101824122222224,3.033941374074072,15.000000000000000,900.000000000000000,100.000000000000000,1,900.000000000000000,100.000000000000000
p_i,L1,2025-06-18 07:45:00,20250618,74500,2025-06-18 08:45:00,8,2025-06-18,0.635560780555556,2.542243122222222,2.542243122222222,15.000000000000000,900.000000000000000,100.000000000000000,1,900.000000000000000,100.000000000000000
p_i,L2,2025-06-18 07:45:00,20250618,74500,2025-06-18 08:45:00,8,2025-06-18,0.834361858333333,3.337447433333332,3.337447433333332,15.000000000000000,900.000000000000000,100.000000000000000,1,900.000000000000000,100.000000000000000
p_i,L3,2025-06-18 07:45:00,20250618,74500,2025-06-18 08:45:00,8,2025-06-18,0.757007652777777,3.028030611111108,3.028030611111111,15.000000000000000,900.000000000000000,100.000000000000000,1,900.000000000000000,100.000000000000000
p_i,ALL,2025-06-18 07:45:00,20250618,74500,2025-06-18 08:45:00,8,2025-06-18,2.226930291666665,8.907721166666661,2.969240388888888,15.000000000000000,900.000000000000000,100.000000000000000,1,900.000000000000000,100.000000000000000
p_i,L1,2025-06-18 08:00:00,20250618,80000,2025-06-18 09:00:00,9,2025-06-18,0.251105602777778,1.004422411111110,1.004422411111111,15.000000000000000,900.000000000000000,100.000000000000000,1,900.000000000000000,100.000000000000000
p_i,L2,2025-06-18 08:00:00,20250618,80000,2025-06-18 09:00:00,9,2025-06-18,0.315125552777778,1.260502211111112,1.260502211111110,15.000000000000000,900.000000000000000,100.000000000000000,1,900.000000000000000,100.000000000000000
p_i,L3,2025-06-18 08:00:00,20250618,80000,2025-06-18 09:00:00,9,2025-06-18,0.366509844444444,1.466039377777778,1.466039377777779,15.000000000000000,900.000000000000000,100.000000000000000,1,900.000000000000000,100.000000000000000
p_i,ALL,2025-06-18 08:00:00,20250618,80000,2025-06-18 09:00:00,9,2025-06-18,0.932741000000000,3.730964000000000,1.243654666666667,15.000000000000000,900.000000000000000,100.000000000000000,1,900.000000000000000,100.000000000000000
p_i,L1,2025-06-18 08:15:00,20250618,81500,2025-06-18 09:15:00,9,2025-06-18,0.022426197222222,0.089704788888889,0.089704788888889,15.000000000000000,900.000000000000000,100.000000000000000,1,900.000000000000000,100.000000000000000
p_i,L2,2025-06-18 08:15:00,20250618,81500,2025-06-18 09:15:00,9,2025-06-18,0.005544108333333,0.022176433333333,0.022176433333333,15.000000000000000,900.000000000000000,100.000000000000000,1,900.000000000000000,100.000000000000000
p_i,L3,2025-06-18 08:15:00,20250618,81500,2025-06-18 09:15:00,9,2025-06-18,0.133277752777778,0.533111011111111,0.533111011111111,15.000000000000000,900.000000000000000,100.000000000000000,1,900.000000000000000,100.000000000000000
p_i,ALL,2025-06-18 08:15:00,20250618,81500,2025-06-18 09:15:00,9,2025-06-18,0.161248058333333,0.644992233333334,0.214997411111111,15.000000000000000,900.000000000000000,100.000000000000000,1,900.000000000000000,100.000000000000000
p_i,L1,2025-06-18 08:30:00,20250618,83000,2025-06-18 09:30:00,9,2025-06-18,0.377223547222222,1.508894188888889,1.508894188888889,15.000000000000000,900.000000000000000,100.000000000000000,1,900.000000000000000,100.000000000000000
p_i,L2,2025-06-18 08:30:00,20250618,83000,2025-06-18 09:30:00,9,2025-06-18,0.399163591666667,1.596654366666666,1.596654366666668,15.000000000000000,900.000000000000000,100.000000000000000,1,900.000000000000000,100.000000000000000
p_i,L3,2025-06-18 08:30:00,20250618,83000,2025-06-18 09:30:00,9,2025-06-18,0.491570438888889,1.966281755555555,1.966281755555555,15.000000000000000,900.000000000000000,100.000000000000000,1,900.000000000000000,100.000000000000000
p_i,ALL,2025-06-18 08:30:00,20250618,83000,2025-06-18 09:30:00,9,2025-06-18,1.267957577777778,5.071830311111110,1.690610103703704,15.000000000000000,900.000000000000000,100.000000000000000,1,900.000000000000000,100.000000000000000
p_i,L1,2025-06-18 08:45:00,20250618,84500,2025-06-18 09:45:00,9,2025-06-18,1.560550416666667,6.242201666666669,6.242201666666670,15.000000000000000,900.000000000000000,100.000000000000000,1,900.000000000000000,100.000000000000000
p_i,L2,2025-06-18 08:45:00,20250618,84500,2025-06-18 09:45:00,9,2025-06-18,1.572770049999999,6.291080199999998,6.291080199999999,15.000000000000000,900.000000000000000,100.000000000000000,1,900.000000000000000,100.000000000000000
p_i,L3,2025-06-18 08:45:00,20250618,84500,2025-06-18 09:45:00,9,2025-06-18,1.711989244444445,6.847956977777780,6.847956977777778,15.000000000000000,900.000000000000000,100.000000000000000,1,900.000000000000000,100.000000000000000
p_i,ALL,2025-06-18 08:45:00,20250618,84500,2025-06-18 09:45:00,9,2025-06-18,4.845309711111112,19.381238844444447,6.460412948148147,15.000000000000000,900.000000000000000,100.000000000000000,1,900.000000000000000,100.000000000000000
p_i,L1,2025-06-18 09:00:00,20250618,90000,2025-06-18 10:00:00,10,2025-06-18,1.589475630555555,6.357902522222219,6.357902522222219,15.000000000000000,900.000000000000000,100.000000000000000,1,900.000000000000000,100.000000000000000
p_i,L2,2025-06-18 09:00:00,20250618,90000,2025-06-18 10:00:00,10,2025-06-18,1.432118472222222,5.728473888888887,5.728473888888891,15.000000000000000,900.000000000000000,100.000000000000000,1,900.000000000000000,100.000000000000000
p_i,L3,2025-06-18 09:00:00,20250618,90000,2025-06-18 10:00:00,10,2025-06-18,1.724291397222224,6.897165588888894,6.897165588888887,15.000000000000000,900.000000000000000,100.000000000000000,1,900.000000000000000,100.000000000000000
p_i,ALL,2025-06-18 09:00:00,20250618,90000,2025-06-18 10:00:00,10,2025-06-18,4.745885500000000,18.983542000000000,6.327847333333334,15.000000000000000,900.000000000000000,100.000000000000000,1,900.000000000000000,100.000000000000000
p_i,L1,2025-06-18 09:15:00,20250618,91500,2025-06-18 10:15:00,10,2025-06-18,0.332264222222222,1.329056888888890,1.329056888888889,15.000000000000000,900.000000000000000,100.000000000000000,1,900.000000000000000,100.000000000000000
p_i,L2,2025-06-18 09:15:00,20250618,91500,2025-06-18 10:15:00,10,2025-06-18,0.229060277777778,0.916241111111110,0.916241111111110,15.000000000000000,900.000000000000000,100.000000000000000,1,900.000000000000000,100.000000000000000
p_i,L3,2025-06-18 09:15:00,20250618,91500,2025-06-18 10:15:00,10,2025-06-18,0.446190130555556,1.784760522222223,1.784760522222221,15.000000000000000,900.000000000000000,100.000000000000000,1,900.000000000000000,100.000000000000000
p_i,ALL,2025-06-18 09:15:00,20250618,91500,2025-06-18 10:15:00,10,2025-06-18,1.007514630555556,4.030058522222223,1.343352840740740,15.000000000000000,900.000000000000000,100.000000000000000,1,900.000000000000000,100.000000000000000
p_i,L1,2025-06-18 09:30:00,20250618,93000,2025-06-18 10:30:00,10,2025-06-18,0.040058658333333,0.160234633333333,0.160234633333333,15.000000000000000,900.000000000000000,100.000000000000000,1,900.000000000000000,100.000000000000000
p_i,L2,2025-06-18 09:30:00,20250618,93000,2025-06-18 10:30:00,10,2025-06-18,0.027821730555556,0.111286922222222,0.111286922222222,15.000000000000000,900.000000000000000,100.000000000000000,1,900.000000000000000,100.000000000000000
p_i,L3,2025-06-18 09:30:00,20250618,93000,2025-06-18 10:30:00,10,2025-06-18,0.152128666666667,0.608514666666667,0.608514666666667,15.000000000000000,900.000000000000000,100.000000000000000,1,900.000000000000000,100.000000000000000
p_i,ALL,2025-06-18 09:30:00,20250618,93000,2025-06-18 10:30:00,10,2025-06-18,0.220009055555556,0.880036222222223,0.293345407407407,15.000000000000000,900.000000000000000,100.000000000000000,1,900.000000000000000,100.000000000000000
p_i,L1,2025-06-18 09:45:00,20250618,94500,2025-06-18 10:45:00,10,2025-06-18,0.331181422222222,1.324725688888889,1.324725688888889,15.000000000000000,900.000000000000000,100.000000000000000,1,900.000000000000000,100.000000000000000
p_i,L2,2025-06-18 09:45:00,20250618,94500,2025-06-18 10:45:00,10,2025-06-18,0.417961708333333,1.671846833333333,1.671846833333334,15.000000000000000,900.000000000000000,100.000000000000000,1,900.000000000000000,100.000000000000000
p_i,L3,2025-06-18 09:45:00,20250618,94500,2025-06-18 10:45:00,10,2025-06-18,0.444964725000000,1.779858900000000,1.779858900000000,15.000000000000000,900.000000000000000,100.000000000000000,1,900.000000000000000,100.000000000000000
p_i,ALL,2025-06-18 09:45:00,20250618,94500,2025-06-18 10:45:00,10,2025-06-18,1.194107855555555,4.776431422222221,1.592143807407408,15.000000000000000,900.000000000000000,100.000000000000000,1,900.000000000000000,100.000000000000000
p_i,L1,2025-06-18 10:00:00,20250618,100000,2025-06-18 11:00:00,11,2025-06-18,0.623147141666666,2.492588566666665,2.492588566666668,15.000000000000000,900.000000000000000,100.000000000000000,1,900.000000000000000,100.000000000000000
p_i,L2,2025-06-18 10:00:00,20250618,100000,2025-06-18 11:00:00,11,2025-06-18,0.809963952777778,3.239855811111111,3.239855811111108,15.000000000000000,900.000000000000000,100.000000000000000,1,900.000000000000000,100.000000000000000
p_i,L3,2025-06-18 10:00:00,20250618,100000,2025-06-18 11:00:00,11,2025-06-18,0.740245991666666,2.960983966666664,2.960983966666668,15.000000000000000,900.000000000000000,100.000000000000000,1,900.000000000000000,100.000000000000000
p_i,ALL,2025-06-18 10:00:00,20250618,100000,2025-06-18 11:00:00,11,2025-06-18,2.173357086111110,8.693428344444440,2.897809448148148,15.000000000000000,900.000000000000000,100.000000000000000,1,900.000000000000000,100.000000000000000
p_i,L1,2025-06-18 10:15:00,20250618,101500,2025-06-18 11:15:00,11,2025-06-18,0.315713213888889,1.262852855555555,1.262852855555556,15.000000000000000,900.000000000000000,100.000000000000000,1,900.000000000000000,100.000000000000000
p_i,L2,2025-06-18 10:15:00,20250618,101500,2025-06-18 11:15:00,11,2025-06-18,0.395282111111111,1.581128444444445,1.581128444444444,15.000000000000000,900.000000000000000,100.000000000000000,1,900.000000000000000,100.000000000000000
p_i,L3,2025-06-18 10:15:00,20250618,101500,2025-06-18 11:15:00,11,2025-06-18,0.430410991666667,1.721643966666667,1.721643966666664,15.000000000000000,900.000000000000000,100.000000000000000,1,900.000000000000000,100.000000000000000
p_i,ALL,2025-06-18 10:15:00,20250618,101500,2025-06-18 11:15:00,11,2025-06-18,1.141406316666667,4.565625266666667,1.521875088888888,15.000000000000000,900.000000000000000,100.000000000000000,1,900.000000000000000,100.000000000000000
p_i,L1,2025-06-18 10:30:00,20250618,103000,2025-06-18 11:30:00,11,2025-06-18,0.158931675000000,0.635726700000000,0.635726700000000,15.000000000000000,900.000000000000000,100.000000000000000,1,900.000000000000000,100.000000000000000
p_i,L2,2025-06-18 10:30:00,20250618,103000,2025-06-18 11:30:00,11,2025-06-18,0.096310633333333,0.385242533333333,0.385242533333333,15.000000000000000,900.000000000000000,100.000000000000000,1,900.000000000000000,100.000000000000000
p_i,L3,2025-06-18 10:30:00,20250618,103000,2025-06-18 11:30:00,11,2025-06-18,0.270192947222222,1.080771788888889,1.080771788888890,15.000000000000000,900.000000000000000,100.000000000000000,1,900.000000000000000,100.000000000000000
p_i,ALL,2025-06-18 10:30:00,20250618,103000,2025-06-18 11:30:00,11,2025-06-18,0.525435255555556,2.101741022222222,0.700580340740741,15.000000000000000,900.000000000000000,100.000000000000000,1,900.000000000000000,100.000000000000000
p_i,L1,2025-06-18 10:45:00,20250618,104500,2025-06-18 11:45:00,11,2025-06-18,0.874894361111111,3.499577444444443,3.499577444444447,15.000000000000000,900.000000000000000,100.000000000000000,1,900.000000000000000,100.000000000000000
p_i,L2,2025-06-18 10:45:00,20250618,104500,2025-06-18 11:45:00,11,2025-06-18,0.766137727777778,3.064550911111110,3.064550911111110,15.000000000000000,900.000000000000000,100.000000000000000,1,900.000000000000000,100.000000000000000
p_i,L3,2025-06-18 10:45:00,20250618,104500,2025-06-18 11:45:00,11,2025-06-18,0.992993602777777,3.971974411111109,3.971974411111111,15.000000000000000,900.000000000000000,100.000000000000000,1,900.000000000000000,100.000000000000000
p_i,ALL,2025-06-18 10:45:00,20250618,104500,2025-06-18 11:45:00,11,2025-06-18,2.634025691666666,10.536102766666662,3.512034255555556,15.000000000000000,900.000000000000000,100.000000000000000,1,900.000000000000000,100.000000000000000
p_i,L1,2025-06-18 11:00:00,20250618,110000,2025-06-18 12:00:00,12,2025-06-18,1.486666955555555,5.946667822222221,5.946667822222224,15.000000000000000,900.000000000000000,100.000000000000000,1,900.000000000000000,100.000000000000000
p_i,L2,2025-06-18 11:00:00,20250618,110000,2025-06-18 12:00:00,12,2025-06-18,1.460729705555555,5.842918822222218,5.842918822222225,15.000000000000000,900.000000000000000,100.000000000000000,1,900.000000000000000,100.000000000000000
p_i,L3,2025-06-18 11:00:00,20250618,110000,2025-06-18 12:00:00,12,2025-06-18,1.612179544444444,6.448718177777776,6.448718177777786,15.000000000000000,900.000000000000000,100.000000000000000,1,900.000000000000000,100.000000000000000
p_i,ALL,2025-06-18 11:00:00,20250618,110000,2025-06-18 12:00:00,12,2025-06-18,4.559576205555554,18.238304822222215,6.079434940740745,15.000000000000000,900.000000000000000,100.000000000000000,1,900.000000000000000,100.000000000000000
p_i,L1,2025-06-18 11:15:00,20250618,111500,2025-06-18 12:15:00,12,2025-06-18,0.669883011111112,2.679532044444448,2.679532044444452,15.000000000000000,900.000000000000000,100.000000000000000,1,900.000000000000000,100.000000000000000
p_i,L2,2025-06-18 11:15:00,20250618,111500,2025-06-18 12:15:00,12,2025-06-18,0.724379936111111,2.897519744444443,2.897519744444442,15.000000000000000,900.000000000000000,100.000000000000000,1,900.000000000000000,100.000000000000000
p_i,L3,2025-06-18 11:15:00,20250618,111500,2025-06-18 12:15:00,12,2025-06-18,0.785392966666667,3.141571866666667,3.141571866666669,15.000000000000000,900.000000000000000,100.000000000000000,1,900.000000000000000,100.000000000000000
p_i,ALL,2025-06-18 11:15:00,20250618,111500,2025-06-18 12:15:00,12,2025-06-18,2.179655913888889,8.718623655555557,2.906207885185187,15.000000000000000,900.000000000000000,100.000000000000000,1,900.000000000000000,100.000000000000000
p_i,L1,2025-06-18 11:30:00,20250618,113000,2025-06-18 12:30:00,12,2025-06-18,0.024414963888889,0.097659855555555,0.097659855555556,15.000000000000000,900.000000000000000,100.000000000000000,1,900.000000000000000,100.000000000000000
p_i,L2,2025-06-18 11:30:00,20250618,113000,2025-06-18 12:30:00,12,2025-06-18,0.004690550000000,0.018762200000000,0.018762200000000,15.000000000000000,900.000000000000000,100.000000000000000,1,900.000000000000000,100.000000000000000
p_i,L3,2025-06-18 11:30:00,20250618,113000,2025-06-18 12:30:00,12,2025-06-18,0.134659916666667,0.538639666666667,0.538639666666667,15.000000000000000,900.000000000000000,100.000000000000000,1,900.000000000000000,100.000000000000000
p_i,ALL,2025-06-18 11:30:00,20250618,113000,2025-06-18 12:30:00,12,2025-06-18,0.163765430555556,0.655061722222222,0.218353907407407,15.000000000000000,900.000000000000000,100.000000000000000,1,900.000000000000000,100.000000000000000
p_i,L1,2025-06-18 11:45:00,20250618,114500,2025-06-18 12:45:00,12,2025-06-18,0.082949236111111,0.331796944444444,0.331796944444444,15.000000000000000,900.000000000000000,100.000000000000000,1,900.000000000000000,100.000000000000000
p_i,L2,2025-06-18 11:45:00,20250618,114500,2025-06-18 12:45:00,12,2025-06-18,0.080296197222222,0.321184788888889,0.321184788888889,15.000000000000000,900.000000000000000,100.000000000000000,1,900.000000000000000,100.000000000000000
p_i,L3,2025-06-18 11:45:00,20250618,114500,2025-06-18 12:45:00,12,2025-06-18,0.192026022222222,0.768104088888889,0.768104088888889,15.000000000000000,900.000000000000000,100.000000000000000,1,900.000000000000000,100.000000000000000
p_i,ALL,2025-06-18 11:45:00,20250618,114500,2025-06-18 12:45:00,12,2025-06-18,0.355271455555556,1.421085822222223,0.473695274074074,15.000000000000000,900.000000000000000,100.000000000000000,1,900.000000000000000,100.000000000000000
p_i,L1,2025-06-18 12:00:00,20250618,120000,2025-06-18 13:00:00,13,2025-06-18,0.455675441666667,1.822701766666667,1.822701766666666,15.000000000000000,900.000000000000000,100.000000000000000,1,900.000000000000000,100.000000000000000
p_i,L2,2025-06-18 12:00:00,20250618,120000,2025-06-18 13:00:00,13,2025-06-18,0.584321747222222,2.337286988888889,2.337286988888887,15.000000000000000,900.000000000000000,100.000000000000000,1,900.000000000000000,100.000000000000000
p_i,L3,2025-06-18 12:00:00,20250618,120000,2025-06-18 13:00:00,13,2025-06-18,0.572276952777778,2.289107811111112,2.289107811111112,15.000000000000000,900.000000000000000,100.000000000000000,1,900.000000000000000,100.000000000000000
p_i,ALL,2025-06-18 12:00:00,20250618,120000,2025-06-18 13:00:00,13,2025-06-18,1.612274141666667,6.449096566666667,2.149698855555555,15.000000000000000,900.000000000000000,100.000000000000000,1,900.000000000000000,100.000000000000000
p_i,L1,2025-06-18 12:15:00,20250618,121500,2025-06-18 13:15:00,13,2025-06-18,0.831652630555556,3.326610522222223,3.326610522222225,15.000000000000000,900.000000000000000,100.000000000000000,1,900.000000000000000,100.000000000000000
p_i,L2,2025-06-18 12:15:00,20250618,121500,2025-06-18 13:15:00,13,2025-06-18,0.986886600000000,3.947546400000000,3.947546399999998,15.000000000000000,900.000000000000000,100.000000000000000,1,900.000000000000000,100.000000000000000
p_i,L3,2025-06-18 12:15:00,20250618,121500,2025-06-18 13:15:00,13,2025-06-18,0.952143147222222,3.808572588888887,3.808572588888893,15.000000000000000,900.000000000000000,100.000000000000000,1,900.000000000000000,100.000000000000000
p_i,ALL,2025-06-18 12:15:00,20250618,121500,2025-06-18 13:15:00,13,2025-06-18,2.770682377777778,11.082729511111111,3.694243170370372,15.000000000000000,900.000000000000000,100.000000000000000,1,900.000000000000000,100.000000000000000
p_i,L1,2025-06-18 12:30:00,20250618,123000,2025-06-18 13:30:00,13,2025-06-18,0.858374844444444,3.433499377777778,3.433499377777779,15.000000000000000,900.000000000000000,100.000000000000000,1,900.000000000000000,100.000000000000000
p_i,L2,2025-06-18 12:30:00,20250618,123000,2025-06-18 13:30:00,13,2025-06-18,0.719317869444444,2.877271477777778,2.877271477777779,15.000000000000000,900.000000000000000,100.000000000000000,1,900.000000000000000,100.000000000000000
p_i,L3,2025-06-18 12:30:00,20250618,123000,2025-06-18 13:30:00,13,2025-06-18,0.975107172222223,3.900428688888891,3.900428688888891,15.000000000000000,900.000000000000000,100.000000000000000,1,900.000000000000000,100.000000000000000
p_i,ALL,2025-06-18 12:30:00,20250618,123000,2025-06-18 13:30:00,13,2025-06-18,2.552799886111111,10.211199544444446,3.403733181481483,15.000000000000000,900.000000000000000,100.000000000000000,1,900.000000000000000,100.000000000000000
p_i,L1,2025-06-18 12:45:00,20250618,124500,2025-06-18 13:45:00,13,2025-06-18,0.770304855555555,3.081219422222221,3.081219422222218,15.000000000000000,900.000000000000000,100.000000000000000,1,900.000000000000000,100.000000000000000
p_i,L2,2025-06-18 12:45:00,20250618,124500,2025-06-18 13:45:00,13,2025-06-18,0.527247538888889,2.108990155555557,2.108990155555555,15.000000000000000,900.000000000000000,100.000000000000000,1,900.000000000000000,100.000000000000000
p_i,L3,2025-06-18 12:45:00,20250618,124500,2025-06-18 13:45:00,13,2025-06-18,0.887297391666667,3.549189566666666,3.549189566666667,15.000000000000000,900.000000000000000,100.000000000000000,1,900.000000000000000,100.000000000000000
p_i,ALL,2025-06-18 12:45:00,20250618,124500,2025-06-18 13:45:00,13,2025-06-18,2.184849786111111,8.739399144444443,2.913133048148147,15.000000000000000,900.000000000000000,100.000000000000000,1,900.000000000000000,100.000000000000000
p_i,L1,2025-06-18 13:00:00,20250618,130000,2025-06-18 14:00:00,14,2025-06-18,0.389859061111111,1.559436244444445,1.559436244444445,15.000000000000000,900.000000000000000,100.000000000000000,1,900.000000000000000,100.000000000000000
p_i,L2,2025-06-18 13:00:00,20250618,130000,2025-06-18 14:00:00,14,2025-06-18,0.421413716666667,1.685654866666667,1.685654866666668,15.000000000000000,900.000000000000000,100.000000000000000,1,900.000000000000000,100.000000000000000
p_i,L3,2025-06-18 13:00:00,20250618,130000,2025-06-18 14:00:00,14,2025-06-18,0.502225619444445,2.008902477777780,2.008902477777777,15.000000000000000,900.000000000000000,100.000000000000000,1,900.000000000000000,100.000000000000000
p_i,ALL,2025-06-18 13:00:00,20250618,130000,2025-06-18 14:00:00,14,2025-06-18,1.313498397222223,5.253993588888892,1.751331196296297,15.000000000000000,900.000000000000000,100.000000000000000,1,900.000000000000000,100.000000000000000
p_i,L1,2025-06-18 13:15:00,20250618,131500,2025-06-18 14:15:00,14,2025-06-18,0.585817986111111,2.343271944444445,2.343271944444443,15.000000000000000,900.000000000000000,100.000000000000000,1,900.000000000000000,100.000000000000000
p_i,L2,2025-06-18 13:15:00,20250618,131500,2025-06-18 14:15:00,14,2025-06-18,0.761465022222222,3.045860088888889,3.045860088888889,15.000000000000000,900.000000000000000,100.000000000000000,1,900.000000000000000,100.000000000000000
p_i,L3,2025-06-18 13:15:00,20250618,131500,2025-06-18 14:15:00,14,2025-06-18,0.698922647222222,2.795690588888888,2.795690588888885,15.000000000000000,900.000000000000000,100.000000000000000,1,900.000000000000000,100.000000000000000
p_i,ALL,2025-06-18 13:15:00,20250618,131500,2025-06-18 14:15:00,14,2025-06-18,2.046205655555555,8.184822622222221,2.728274207407405,15.000000000000000,900.000000000000000,100.000000000000000,1,900.000000000000000,100.000000000000000
p_i,L1,2025-06-18 13:30:00,20250618,133000,2025-06-18 14:30:00,14,2025-06-18,0.363776111111111,1.455104444444444,1.455104444444445,15.000000000000000,900.000000000000000,100.000000000000000,1,900.000000000000000,100.000000000000000
p_i,L2,2025-06-18 13:30:00,20250618,133000,2025-06-18 14:30:00,14,2025-06-18,0.462241711111111,1.848966844444446,1.848966844444446,15.000000000000000,900.000000000000000,100.000000000000000,1,900.000000000000000,100.000000000000000
p_i,L3,2025-06-18 13:30:00,20250618,133000,2025-06-18 14:30:00,14,2025-06-18,0.473902661111111,1.895610644444445,1.895610644444446,15.000000000000000,900.000000000000000,100.000000000000000,1,900.000000000000000,100.000000000000000
p_i,ALL,2025-06-18 13:30:00,20250618,133000,2025-06-18 14:30:00,14,2025-06-18,1.299920483333334,5.199681933333335,1.733227311111113,15.000000000000000,900.000000000000000,100.000000000000000,1,900.000000000000000,100.000000000000000
p_i,L1,2025-06-18 13:45:00,20250618,134500,2025-06-18 14:45:00,14,2025-06-18,0.034264477777778,0.137057911111111,0.137057911111111,15.000000000000000,900.000000000000000,100.000000000000000,1,900.000000000000000,100.000000000000000
p_i,L2,2025-06-18 13:45:00,20250618,134500,2025-06-18 14:45:00,14,2025-06-18,0.016179211111111,0.064716844444444,0.064716844444444,15.000000000000000,900.000000000000000,100.000000000000000,1,900.000000000000000,100.000000000000000
p_i,L3,2025-06-18 13:45:00,20250618,134500,2025-06-18 14:45:00,14,2025-06-18,0.141225816666667,0.564903266666667,0.564903266666667,15.000000000000000,900.000000000000000,100.000000000000000,1,900.000000000000000,100.000000000000000
p_i,ALL,2025-06-18 13:45:00,20250618,134500,2025-06-18 14:45:00,14,2025-06-18,0.191669505555556,0.766678022222222,0.255559340740741,15.000000000000000,900.000000000000000,100.000000000000000,1,900.000000000000000,100.000000000000000
p_i,L1,2025-06-18 14:00:00,20250618,140000,2025-06-18 15:00:00,15,2025-06-18,0.387243558333333,1.548974233333333,1.548974233333334,15.000000000000000,900.000000000000000,100.000000000000000,1,900.000000000000000,100.000000000000000
p_i,L2,2025-06-18 14:00:00,20250618,140000,2025-06-18 15:00:00,15,2025-06-18,0.366926158333333,1.467704633333333,1.467704633333334,15.000000000000000,900.000000000000000,100.000000000000000,1,900.000000000000000,100.000000000000000
p_i,L3,2025-06-18 14:00:00,20250618,140000,2025-06-18 15:00:00,15,2025-06-18,0.497923838888889,1.991695355555557,1.991695355555557,15.000000000000000,900.000000000000000,100.000000000000000,1,900.000000000000000,100.000000000000000
p_i,ALL,2025-06-18 14:00:00,20250618,140000,2025-06-18 15:00:00,15,2025-06-18,1.252093555555556,5.008374222222223,1.669458074074075,15.000000000000000,900.000000000000000,100.000000000000000,1,900.000000000000000,100.000000000000000
p_i,L1,2025-06-18 14:15:00,20250618,141500,2025-06-18 15:15:00,15,2025-06-18,1.270652944444445,5.082611777777779,5.082611777777776,15.000000000000000,900.000000000000000,100.000000000000000,1,900.000000000000000,100.000000000000000
p_i,L2,2025-06-18 14:15:00,20250618,141500,2025-06-18 15:15:00,15,2025-06-18,1.259186430555555,5.036745722222220,5.036745722222222,15.000000000000000,900.000000000000000,100.000000000000000,1,900.000000000000000,100.000000000000000
p_i,L3,2025-06-18 14:15:00,20250618,141500,2025-06-18 15:15:00,15,2025-06-18,1.390487011111111,5.561948044444446,5.561948044444446,15.000000000000000,900.000000000000000,100.000000000000000,1,900.000000000000000,100.000000000000000
p_i,ALL,2025-06-18 14:15:00,20250618,141500,2025-06-18 15:15:00,15,2025-06-18,3.920326386111111,15.681305544444445,5.227101848148148,15.000000000000000,900.000000000000000,100.000000000000000,1,900.000000000000000,100.000000000000000
p_i,L1,2025-06-18 14:30:00,20250618,143000,2025-06-18 15:30:00,15,2025-06-18,1.300247036111111,5.200988144444445,5.200988144444445,15.000000000000000,900.000000000000000,100.000000000000000,1,900.000000000000000,100.000000000000000
p_i,L2,2025-06-18 14:30:00,20250618,143000,2025-06-18 15:30:00,15,2025-06-18,1.236041172222222,4.944164688888887,4.944164688888887,15.000000000000000,900.000000000000000,100.000000000000000,1,900.000000000000000,100.000000000000000
p_i,L3,2025-06-18 14:30:00,20250618,143000,2025-06-18 15:30:00,15,2025-06-18,1.420666827777777,5.682667311111109,5.682667311111106,15.000000000000000,900.000000000000000,100.000000000000000,1,900.000000000000000,100.000000000000000
p_i,ALL,2025-06-18 14:30:00,20250618,143000,2025-06-18 15:30:00,15,2025-06-18,3.956955036111110,15.827820144444441,5.275940048148147,15.000000000000000,900.000000000000000,100.000000000000000,1,900.000000000000000,100.000000000000000
p_i,L1,2025-06-18 14:45:00,20250618,144500,2025-06-18 15:45:00,15,2025-06-18,0.203780958333333,0.815123833333333,0.815123833333333,15.000000000000000,900.000000000000000,100.000000000000000,1,900.000000000000000,100.000000000000000
p_i,L2,2025-06-18 14:45:00,20250618,144500,2025-06-18 15:45:00,15,2025-06-18,0.162694891666667,0.650779566666666,0.650779566666667,15.000000000000000,900.000000000000000,100.000000000000000,1,900.000000000000000,100.000000000000000
p_i,L3,2025-06-18 14:45:00,20250618,144500,2025-06-18 15:45:00,15,2025-06-18,0.313342761111111,1.253371044444446,1.253371044444443,15.000000000000000,900.000000000000000,100.000000000000000,1,900.000000000000000,100.000000000000000
p_i,ALL,2025-06-18 14:45:00,20250618,144500,2025-06-18 15:45:00,15,2025-06-18,0.679818611111111,2.719274444444446,0.906424814814815,15.000000000000000,900.000000000000000,100.000000000000000,1,900.000000000000000,100.000000000000000
p_i,L1,2025-06-18 15:00:00,20250618,150000,2025-06-18 16:00:00,16,2025-06-18,0.052071719444444,0.208286877777778,0.208286877777778,15.000000000000000,900.000000000000000,100.000000000000000,1,900.000000000000000,100.000000000000000
p_i,L2,2025-06-18 15:00:00,20250618,150000,2025-06-18 16:00:00,16,2025-06-18,0.041282050000000,0.165128200000000,0.165128200000000,15.000000000000000,900.000000000000000,100.000000000000000,1,900.000000000000000,100.000000000000000
p_i,L3,2025-06-18 15:00:00,20250618,150000,2025-06-18 16:00:00,16,2025-06-18,0.158622022222222,0.634488088888889,0.634488088888889,15.000000000000000,900.000000000000000,100.000000000000000,1,900.000000000000000,100.000000000000000
p_i,ALL,2025-06-18 15:00:00,20250618,150000,2025-06-18 16:00:00,16,2025-06-18,0.251975791666667,1.007903166666667,0.335967722222222,15.000000000000000,900.000000000000000,100.000000000000000,1,900.000000000000000,100.000000000000000
p_i,L1,2025-06-18 15:15:00,20250618,151500,2025-06-18 16:15:00,16,2025-06-18,0.353015013888889,1.412060055555556,1.412060055555556,15.000000000000000,900.000000000000000,100.000000000000000,1,900.000000000000000,100.000000000000000
p_i,L2,2025-06-18 15:15:00,20250618,151500,2025-06-18 16:15:00,16,2025-06-18,0.446885894444444,1.787543577777778,1.787543577777778,15.000000000000000,900.000000000000000,100.000000000000000,1,900.000000000000000,100.000000000000000
p_i,L3,2025-06-18 15:15:00,20250618,151500,2025-06-18 16:15:00,16,2025-06-18,0.461707894444445,1.846831577777779,1.846831577777778,15.000000000000000,900.000000000000000,100.000000000000000,1,900.000000000000000,100.000000000000000
p_i,ALL,2025-06-18 15:15:00,20250618,151500,2025-06-18 16:15:00,16,2025-06-18,1.261608802777778,5.046435211111113,1.682145070370370,15.000000000000000,900.000000000000000,100.000000000000000,1,900.000000000000000,100.000000000000000
p_i,L1,2025-06-18 15:30:00,20250618,153000,2025-06-18 16:30:00,16,2025-06-18,0.640227525000000,2.560910100000001,2.560910100000001,15.000000000000000,900.000000000000000,100.000000000000000,1,900.000000000000000,100.000000000000000
p_i,L2,2025-06-18 15:30:00,20250618,153000,2025-06-18 16:30:00,16,2025-06-18,0.834754666666667,3.339018666666667,3.339018666666664,15.000000000000000,900.000000000000000,100.000000000000000,1,900.000000000000000,100.000000000000000
p_i,L3,2025-06-18 15:30:00,20250618,153000,2025-06-18 16:30:00,16,2025-06-18,0.759545297222223,3.038181188888891,3.038181188888886,15.000000000000000,900.000000000000000,100.000000000000000,1,900.000000000000000,100.000000000000000
p_i,ALL,2025-06-18 15:30:00,20250618,153000,2025-06-18 16:30:00,16,2025-06-18,2.234527488888889,8.938109955555557,2.979369985185184,15.000000000000000,900.000000000000000,100.000000000000000,1,900.000000000000000,100.000000000000000
p_i,L1,2025-06-18 15:45:00,20250618,154500,2025-06-18 16:45:00,16,2025-06-18,0.504081680555555,2.016326722222221,2.016326722222222,15.000000000000000,900.000000000000000,100.000000000000000,1,900.000000000000000,100.000000000000000
p_i,L2,2025-06-18 15:45:00,20250618,154500,2025-06-18 16:45:00,16,2025-06-18,0.547148800000000,2.188595200000000,2.188595200000001,15.000000000000000,900.000000000000000,100.000000000000000,1,900.000000000000000,100.000000000000000
p_i,L3,2025-06-18 15:45:00,20250618,154500,2025-06-18 16:45:00,16,2025-06-18,0.615879491666667,2.463517966666667,2.463517966666668,15.000000000000000,900.000000000000000,100.000000000000000,1,900.000000000000000,100.000000000000000
p_i,ALL,2025-06-18 15:45:00,20250618,154500,2025-06-18 16:45:00,16,2025-06-18,1.667109972222222,6.668439888888887,2.222813296296297,15.000000000000000,900.000000000000000,100.000000000000000,1,900.000000000000000,100.000000000000000
p_i,L1,2025-06-18 16:00:00,20250618,160000,2025-06-18 17:00:00,17,2025-06-18,0.653730716666666,2.614922866666664,2.614922866666667,15.000000000000000,900.000000000000000,100.000000000000000,1,900.000000000000000,100.000000000000000
p_i,L2,2025-06-18 16:00:00,20250618,160000,2025-06-18 17:00:00,17,2025-06-18,0.440286841666667,1.761147366666666,1.761147366666666,15.000000000000000,900.000000000000000,100.000000000000000,1,900.000000000000000,100.000000000000000
p_i,L3,2025-06-18 16:00:00,20250618,160000,2025-06-18 17:00:00,17,2025-06-18,0.765384683333333,3.061538733333331,3.061538733333333,15.000000000000000,900.000000000000000,100.000000000000000,1,900.000000000000000,100.000000000000000
p_i,ALL,2025-06-18 16:00:00,20250618,160000,2025-06-18 17:00:00,17,2025-06-18,1.859402241666665,7.437608966666661,2.479202988888889,15.000000000000000,900.000000000000000,100.000000000000000,1,900.000000000000000,100.000000000000000
p_i,L1,2025-06-18 16:15:00,20250618,161500,2025-06-18 17:15:00,17,2025-06-18,0.776006872222222,3.104027488888889,3.104027488888890,15.000000000000000,900.000000000000000,100.000000000000000,1,900.000000000000000,100.000000000000000
p_i,L2,2025-06-18 16:15:00,20250618,161500,2025-06-18 17:15:00,17,2025-06-18,0.613052400000000,2.452209599999999,2.452209599999998,15.000000000000000,900.000000000000000,100.000000000000000,1,900.000000000000000,100.000000000000000
p_i,L3,2025-06-18 16:15:00,20250618,161500,2025-06-18 17:15:00,17,2025-06-18,0.893657880555556,3.574631522222222,3.574631522222224,15.000000000000000,900.000000000000000,100.000000000000000,1,900.000000000000000,100.000000000000000
p_i,ALL,2025-06-18 16:15:00,20250618,161500,2025-06-18 17:15:00,17,2025-06-18,2.282717152777778,9.130868611111111,3.043622870370371,15.000000000000000,900.000000000000000,100.000000000000000,1,900.000000000000000,100.000000000000000
p_i,L1,2025-06-18 16:30:00,20250618,163000,2025-06-18 17:30:00,17,2025-06-18,0.572691330555556,2.290765322222222,2.290765322222222,15.000000000000000,900.000000000000000,100.000000000000000,1,900.000000000000000,100.000000000000000
p_i,L2,2025-06-18 16:30:00,20250618,163000,2025-06-18 17:30:00,17,2025-06-18,0.714478872222222,2.857915488888889,2.857915488888889,15.000000000000000,900.000000000000000,100.000000000000000,1,900.000000000000000,100.000000000000000
p_i,L3,2025-06-18 16:30:00,20250618,163000,2025-06-18 17:30:00,17,2025-06-18,0.688556308333334,2.754225233333335,2.754225233333334,15.000000000000000,900.000000000000000,100.000000000000000,1,900.000000000000000,100.000000000000000
p_i,ALL,2025-06-18 16:30:00,20250618,163000,2025-06-18 17:30:00,17,2025-06-18,1.975726511111112,7.902906044444446,2.634302014814815,15.000000000000000,900.000000000000000,100.000000000000000,1,900.000000000000000,100.000000000000000
p_i,L1,2025-06-18 16:45:00,20250618,164500,2025-06-18 17:45:00,17,2025-06-18,0.392247358333333,1.568989433333332,1.568989433333332,15.000000000000000,900.000000000000000,100.000000000000000,1,900.000000000000000,100.000000000000000
p_i,L2,2025-06-18 16:45:00,20250618,164500,2025-06-18 17:45:00,17,2025-06-18,0.503889802777778,2.015559211111111,2.015559211111109,15.000000000000000,900.000000000000000,100.000000000000000,1,900.000000000000000,100.000000000000000
p_i,L3,2025-06-18 16:45:00,20250618,164500,2025-06-18 17:45:00,17,2025-06-18,0.509028280555555,2.036113122222221,2.036113122222224,15.000000000000000,900.000000000000000,100.000000000000000,1,900.000000000000000,100.000000000000000
p_i,ALL,2025-06-18 16:45:00,20250618,164500,2025-06-18 17:45:00,17,2025-06-18,1.405165441666666,5.620661766666665,1.873553922222222,15.000000000000000,900.000000000000000,100.000000000000000,1,900.000000000000000,100.000000000000000
p_i,L1,2025-06-18 17:00:00,20250618,170000,2025-06-18 18:00:00,18,2025-06-18,0.030284741666667,0.121138966666667,0.121138966666667,15.000000000000000,900.000000000000000,100.000000000000000,1,900.000000000000000,100.000000000000000
p_i,L2,2025-06-18 17:00:00,20250618,170000,2025-06-18 18:00:00,18,2025-06-18,0.015703458333333,0.062813833333333,0.062813833333333,15.000000000000000,900.000000000000000,100.000000000000000,1,900.000000000000000,100.000000000000000
p_i,L3,2025-06-18 17:00:00,20250618,170000,2025-06-18 18:00:00,18,2025-06-18,0.142612461111111,0.570449844444445,0.570449844444445,15.000000000000000,900.000000000000000,100.000000000000000,1,900.000000000000000,100.000000000000000
p_i,ALL,2025-06-18 17:00:00,20250618,170000,2025-06-18 18:00:00,18,2025-06-18,0.188600661111111,0.754402644444445,0.251467548148148,15.000000000000000,900.000000000000000,100.000000000000000,1,900.000000000000000,100.000000000000000
p_i,L1,2025-06-18 17:15:00,20250618,171500,2025-06-18 18:15:00,18,2025-06-18,0.080392286111111,0.321569144444444,0.321569144444444,15.000000000000000,900.000000000000000,100.000000000000000,1,900.000000000000000,100.000000000000000
p_i,L2,2025-06-18 17:15:00,20250618,171500,2025-06-18 18:15:00,18,2025-06-18,0.080960536111111,0.323842144444444,0.323842144444445,15.000000000000000,900.000000000000000,100.000000000000000,1,900.000000000000000,100.000000000000000
p_i,L3,2025-06-18 17:15:00,20250618,171500,2025-06-18 18:15:00,18,2025-06-18,0.192445816666667,0.769783266666667,0.769783266666667,15.000000000000000,900.000000000000000,100.000000000000000,1,900.000000000000000,100.000000000000000
p_i,ALL,2025-06-18 17:15:00,20250618,171500,2025-06-18 18:15:00,18,2025-06-18,0.353798638888889,1.415194555555556,0.471731518518519,15.000000000000000,900.000000000000000,100.000000000000000,1,900.000000000000000,100.000000000000000
p_i,L1,2025-06-18 17:30:00,20250618,173000,2025-06-18 18:30:00,18,2025-06-18,0.746541694444444,2.986166777777777,2.986166777777777,15.000000000000000,900.000000000000000,100.000000000000000,1,900.000000000000000,100.000000000000000
p_i,L2,2025-06-18 17:30:00,20250618,173000,2025-06-18 18:30:00,18,2025-06-18,0.795261955555555,3.181047822222220,3.181047822222222,15.000000000000000,900.000000000000000,100.000000000000000,1,900.000000000000000,100.000000000000000
p_i,L3,2025-06-18 17:30:00,20250618,173000,2025-06-18 18:30:00,18,2025-06-18,0.868884063888888,3.475536255555554,3.475536255555554,15.000000000000000,900.000000000000000,100.000000000000000,1,900.000000000000000,100.000000000000000
p_i,ALL,2025-06-18 17:30:00,20250618,173000,2025-06-18 18:30:00,18,2025-06-18,2.410687713888887,9.642750855555549,3.214250285185184,15.000000000000000,900.000000000000000,100.000000000000000,1,900.000000000000000,100.000000000000000
p_i,L1,2025-06-18 17:45:00,20250618,174500,2025-06-18 18:45:00,18,2025-06-18,1.338673216666667,5.354692866666668,5.354692866666666,15.000000000000000,900.000000000000000,100.000000000000000,1,900.000000000000000,100.000000000000000
p_i,L2,2025-06-18 17:45:00,20250618,174500,2025-06-18 18:45:00,18,2025-06-18,1.291743691666666,5.166974766666666,5.166974766666663,15.000000000000000,900.000000000000000,100.000000000000000,1,900.000000000000000,100.000000000000000
p_i,L3,2025-06-18 17:45:00,20250618,174500,2025-06-18 18:45:00,18,2025-06-18,1.476709933333333,5.906839733333332,5.906839733333337,15.000000000000000,900.000000000000000,100.000000000000000,1,900.000000000000000,100.000000000000000
p_i,ALL,2025-06-18 17:45:00,20250618,174500,2025-06-18 18:45:00,18,2025-06-18,4.107126841666666,16.428507366666665,5.476169122222222,15.000000000000000,900.000000000000000,100.000000000000000,1,900.000000000000000,100.000000000000000
p_i,L1,2025-06-18 18:00:00,20250618,180000,2025-06-18 19:00:00,19,2025-06-18,0.667604041666667,2.670416166666667,2.670416166666662,15.000000000000000,900.000000000000000,100.000000000000000,1,900.000000000000000,100.000000000000000
p_i,L2,2025-06-18 18:00:00,20250618,180000,2025-06-18 19:00:00,19,2025-06-18,0.519928952777778,2.079715811111113,2.079715811111113,15.000000000000000,900.000000000000000,100.000000000000000,1,900.000000000000000,100.000000000000000
p_i,L3,2025-06-18 18:00:00,20250618,180000,2025-06-18 19:00:00,19,2025-06-18,0.790144983333333,3.160579933333331,3.160579933333336,15.000000000000000,900.000000000000000,100.000000000000000,1,900.000000000000000,100.000000000000000
p_i,ALL,2025-06-18 18:00:00,20250618,180000,2025-06-18 19:00:00,19,2025-06-18,1.977677977777778,7.910711911111111,2.636903970370370,15.000000000000000,900.000000000000000,100.000000000000000,1,900.000000000000000,100.000000000000000
p_i,L1,2025-06-18 18:15:00,20250618,181500,2025-06-18 19:15:00,19,2025-06-18,0.026535922222222,0.106143688888889,0.106143688888889,15.000000000000000,900.000000000000000,100.000000000000000,1,900.000000000000000,100.000000000000000
p_i,L2,2025-06-18 18:15:00,20250618,181500,2025-06-18 19:15:00,19,2025-06-18,0.008729200000000,0.034916800000000,0.034916800000000,15.000000000000000,900.000000000000000,100.000000000000000,1,900.000000000000000,100.000000000000000
p_i,L3,2025-06-18 18:15:00,20250618,181500,2025-06-18 19:15:00,19,2025-06-18,0.137861075000000,0.551444300000000,0.551444300000000,15.000000000000000,900.000000000000000,100.000000000000000,1,900.000000000000000,100.000000000000000
p_i,ALL,2025-06-18 18:15:00,20250618,181500,2025-06-18 19:15:00,19,2025-06-18,0.173126197222222,0.692504788888889,0.230834929629630,15.000000000000000,900.000000000000000,100.000000000000000,1,900.000000000000000,100.000000000000000
p_i,L1,2025-06-18 18:30:00,20250618,183000,2025-06-18 19:30:00,19,2025-06-18,0.207516752777778,0.830067011111111,0.830067011111111,15.000000000000000,900.000000000000000,100.000000000000000,1,900.000000000000000,100.000000000000000
p_i,L2,2025-06-18 18:30:00,20250618,183000,2025-06-18 19:30:00,19,2025-06-18,0.255794416666667,1.023177666666667,1.023177666666667,15.000000000000000,900.000000000000000,100.000000000000000,1,900.000000000000000,100.000000000000000
p_i,L3,2025-06-18 18:30:00,20250618,183000,2025-06-18 19:30:00,19,2025-06-18,0.322693152777778,1.290772611111112,1.290772611111111,15.000000000000000,900.000000000000000,100.000000000000000,1,900.000000000000000,100.000000000000000
p_i,ALL,2025-06-18 18:30:00,20250618,183000,2025-06-18 19:30:00,19,2025-06-18,0.786004322222222,3.144017288888889,1.048005762962963,15.000000000000000,900.000000000000000,100.000000000000000,1,900.000000000000000,100.000000000000000
p_i,L1,2025-06-18 18:45:00,20250618,184500,2025-06-18 19:45:00,19,2025-06-18,0.593212280555555,2.372849122222220,2.372849122222222,15.000000000000000,900.000000000000000,100.000000000000000,1,900.000000000000000,100.000000000000000
p_i,L2,2025-06-18 18:45:00,20250618,184500,2025-06-18 19:45:00,19,2025-06-18,0.777383747222223,3.109534988888890,3.109534988888889,15.000000000000000,900.000000000000000,100.000000000000000,1,900.000000000000000,100.000000000000000
p_i,L3,2025-06-18 18:45:00,20250618,184500,2025-06-18 19:45:00,19,2025-06-18,0.714379338888889,2.857517355555555,2.857517355555559,15.000000000000000,900.000000000000000,100.000000000000000,1,900.000000000000000,100.000000000000000
p_i,ALL,2025-06-18 18:45:00,20250618,184500,2025-06-18 19:45:00,19,2025-06-18,2.084975366666667,8.339901466666667,2.779967155555557,15.000000000000000,900.000000000000000,100.000000000000000,1,900.000000000000000,100.000000000000000
p_i,L1,2025-06-18 19:00:00,20250618,190000,2025-06-18 20:00:00,20,2025-06-18,0.413618258333333,1.654473033333334,1.654473033333334,15.000000000000000,900.000000000000000,100.000000000000000,1,900.000000000000000,100.000000000000000
p_i,L2,2025-06-18 19:00:00,20250618,190000,2025-06-18 20:00:00,20,2025-06-18,0.520157141666667,2.080628566666666,2.080628566666668,15.000000000000000,900.000000000000000,100.000000000000000,1,900.000000000000000,100.000000000000000
p_i,L3,2025-06-18 19:00:00,20250618,190000,2025-06-18 20:00:00,20,2025-06-18,0.532844475000000,2.131377900000001,2.131377900000002,15.000000000000000,900.000000000000000,100.000000000000000,1,900.000000000000000,100.000000000000000
p_i,ALL,2025-06-18 19:00:00,20250618,190000,2025-06-18 20:00:00,20,2025-06-18,1.466619875000000,5.866479500000001,1.955493166666668,15.000000000000000,900.000000000000000,100.000000000000000,1,900.000000000000000,100.000000000000000
p_i,L1,2025-06-18 19:15:00,20250618,191500,2025-06-18 20:15:00,20,2025-06-18,0.379426958333333,1.517707833333334,1.517707833333333,15.000000000000000,900.000000000000000,100.000000000000000,1,900.000000000000000,100.000000000000000
p_i,L2,2025-06-18 19:15:00,20250618,191500,2025-06-18 20:15:00,20,2025-06-18,0.254497702777778,1.017990811111111,1.017990811111110,15.000000000000000,900.000000000000000,100.000000000000000,1,900.000000000000000,100.000000000000000
p_i,L3,2025-06-18 19:15:00,20250618,191500,2025-06-18 20:15:00,20,2025-06-18,0.497894486111111,1.991577944444444,1.991577944444444,15.000000000000000,900.000000000000000,100.000000000000000,1,900.000000000000000,100.000000000000000
p_i,ALL,2025-06-18 19:15:00,20250618,191500,2025-06-18 20:15:00,20,2025-06-18,1.131819147222222,4.527276588888889,1.509092196296296,15.000000000000000,900.000000000000000,100.000000000000000,1,900.000000000000000,100.000000000000000
p_i,L1,2025-06-18 19:30:00,20250618,193000,2025-06-18 20:30:00,20,2025-06-18,0.856580197222221,3.426320788888886,3.426320788888889,15.000000000000000,900.000000000000000,100.000000000000000,1,900.000000000000000,100.000000000000000
p_i,L2,2025-06-18 19:30:00,20250618,193000,2025-06-18 20:30:00,20,2025-06-18,0.652854572222222,2.611418288888888,2.611418288888891,15.000000000000000,900.000000000000000,100.000000000000000,1,900.000000000000000,100.000000000000000
p_i,L3,2025-06-18 19:30:00,20250618,193000,2025-06-18 20:30:00,20,2025-06-18,0.983535180555555,3.934140722222222,3.934140722222223,15.000000000000000,900.000000000000000,100.000000000000000,1,900.000000000000000,100.000000000000000
p_i,ALL,2025-06-18 19:30:00,20250618,193000,2025-06-18 20:30:00,20,2025-06-18,2.492969949999999,9.971879799999996,3.323959933333334,15.000000000000000,900.000000000000000,100.000000000000000,1,900.000000000000000,100.000000000000000
p_i,L1,2025-06-18 19:45:00,20250618,194500,2025-06-18 20:45:00,20,2025-06-18,0.999914783333333,3.999659133333333,3.999659133333333,15.000000000000000,900.000000000000000,100.000000000000000,1,900.000000000000000,100.000000000000000
p_i,L2,2025-06-18 19:45:00,20250618,194500,2025-06-18 20:45:00,20,2025-06-18,1.026672519444443,4.106690077777774,4.106690077777777,15.000000000000000,900.000000000000000,100.000000000000000,1,900.000000000000000,100.000000000000000
p_i,L3,2025-06-18 19:45:00,20250618,194500,2025-06-18 20:45:00,20,2025-06-18,1.129765327777778,4.519061311111114,4.519061311111115,15.000000000000000,900.000000000000000,100.000000000000000,1,900.000000000000000,100.000000000000000
p_i,ALL,2025-06-18 19:45:00,20250618,194500,2025-06-18 20:45:00,20,2025-06-18,3.156352630555555,12.625410522222221,4.208470174074074,15.000000000000000,900.000000000000000,100.000000000000000,1,900.000000000000000,100.000000000000000
p_i,L1,2025-06-18 20:00:00,20250618,200000,2025-06-18 21:00:00,21,2025-06-18,0.510664308333334,2.042657233333334,2.042657233333332,15.000000000000000,900.000000000000000,100.000000000000000,1,900.000000000000000,100.000000000000000
p_i,L2,2025-06-18 20:00:00,20250618,200000,2025-06-18 21:00:00,21,2025-06-18,0.662624413888889,2.650497655555555,2.650497655555554,15.000000000000000,900.000000000000000,100.000000000000000,1,900.000000000000000,100.000000000000000
p_i,L3,2025-06-18 20:00:00,20250618,200000,2025-06-18 21:00:00,21,2025-06-18,0.632002038888889,2.528008155555555,2.528008155555555,15.000000000000000,900.000000000000000,100.000000000000000,1,900.000000000000000,100.000000000000000
p_i,ALL,2025-06-18 20:00:00,20250618,200000,2025-06-18 21:00:00,21,2025-06-18,1.805290761111111,7.221163044444444,2.407054348148147,15.000000000000000,900.000000000000000,100.000000000000000,1,900.000000000000000,100.000000000000000
p_i,L1,2025-06-18 20:15:00,20250618,201500,2025-06-18 21:15:00,21,2025-06-18,0.051579805555556,0.206319222222223,0.206319222222222,15.000000000000000,900.000000000000000,100.000000000000000,1,900.000000000000000,100.000000000000000
p_i,L2,2025-06-18 20:15:00,20250618,201500,2025-06-18 21:15:00,21,2025-06-18,0.044513905555555,0.178055622222222,0.178055622222223,15.000000000000000,900.000000000000000,100.000000000000000,1,900.000000000000000,100.000000000000000
p_i,L3,2025-06-18 20:15:00,20250618,201500,2025-06-18 21:15:00,21,2025-06-18,0.165629277777778,0.662517111111112,0.662517111111111,15.000000000000000,900.000000000000000,100.000000000000000,1,900.000000000000000,100.000000000000000
p_i,ALL,2025-06-18 20:15:00,20250618,201500,2025-06-18 21:15:00,21,2025-06-18,0.261722988888889,1.046891955555556,0.348963985185185,15.000000000000000,900.000000000000000,100.000000000000000,1,900.000000000000000,100.000000000000000
p_i,L1,2025-06-18 20:30:00,20250618,203000,2025-06-18 21:30:00,21,2025-06-18,0.056276369444444,0.225105477777778,0.225105477777778,15.000000000000000,900.000000000000000,100.000000000000000,1,900.000000000000000,100.000000000000000
p_i,L2,2025-06-18 20:30:00,20250618,203000,2025-06-18 21:30:00,21,2025-06-18,0.050344600000000,0.201378400000000,0.201378400000000,15.000000000000000,900.000000000000000,100.000000000000000,1,900.000000000000000,100.000000000000000
p_i,L3,2025-06-18 20:30:00,20250618,203000,2025-06-18 21:30:00,21,2025-06-18,0.170344725000000,0.681378900000000,0.681378900000000,15.000000000000000,900.000000000000000,100.000000000000000,1,900.000000000000000,100.000000000000000
p_i,ALL,2025-06-18 20:30:00,20250618,203000,2025-06-18 21:30:00,21,2025-06-18,0.276965694444445,1.107862777777778,0.369287592592593,15.000000000000000,900.000000000000000,100.000000000000000,1,900.000000000000000,100.000000000000000
p_i,L1,2025-06-18 20:45:00,20250618,204500,2025-06-18 21:45:00,21,2025-06-18,0.494249816666667,1.976999266666667,1.976999266666666,15.000000000000000,900.000000000000000,100.000000000000000,1,900.000000000000000,100.000000000000000
p_i,L2,2025-06-18 20:45:00,20250618,204500,2025-06-18 21:45:00,21,2025-06-18,0.592238677777778,2.368954711111112,2.368954711111112,15.000000000000000,900.000000000000000,100.000000000000000,1,900.000000000000000,100.000000000000000
p_i,L3,2025-06-18 20:45:00,20250618,204500,2025-06-18 21:45:00,21,2025-06-18,0.616231713888889,2.464926855555557,2.464926855555557,15.000000000000000,900.000000000000000,100.000000000000000,1,900.000000000000000,100.000000000000000
p_i,ALL,2025-06-18 20:45:00,20250618,204500,2025-06-18 21:45:00,21,2025-06-18,1.702720208333334,6.810880833333336,2.270293611111112,15.000000000000000,900.000000000000000,100.000000000000000,1,900.000000000000000,100.000000000000000
p_i,L1,2025-06-18 21:00:00,20250618,210000,2025-06-18 22:00:00,22,2025-06-18,1.205874352777778,4.823497411111113,4.823497411111111,15.000000000000000,900.000000000000000,100.000000000000000,1,900.000000000000000,100.000000000000000
p_i,L2,2025-06-18 21:00:00,20250618,210000,2025-06-18 22:00:00,22,2025-06-18,1.243049897222222,4.972199588888889,4.972199588888889,15.000000000000000,900.000000000000000,100.000000000000000,1,900.000000000000000,100.000000000000000
p_i,L3,2025-06-18 21:00:00,20250618,210000,2025-06-18 22:00:00,22,2025-06-18,1.342590138888888,5.370360555555553,5.370360555555550,15.000000000000000,900.000000000000000,100.000000000000000,1,900.000000000000000,100.000000000000000
p_i,ALL,2025-06-18 21:00:00,20250618,210000,2025-06-18 22:00:00,22,2025-06-18,3.791514388888889,15.166057555555556,5.055352518518517,15.000000000000000,900.000000000000000,100.000000000000000,1,900.000000000000000,100.000000000000000
p_i,L1,2025-06-18 21:15:00,20250618,211500,2025-06-18 22:15:00,22,2025-06-18,1.098165866666667,4.392663466666668,4.392663466666664,15.000000000000000,900.000000000000000,100.000000000000000,1,900.000000000000000,100.000000000000000
p_i,L2,2025-06-18 21:15:00,20250618,211500,2025-06-18 22:15:00,22,2025-06-18,0.898112836111111,3.592451344444445,3.592451344444446,15.000000000000000,900.000000000000000,100.000000000000000,1,900.000000000000000,100.000000000000000
p_i,L3,2025-06-18 21:15:00,20250618,211500,2025-06-18 22:15:00,22,2025-06-18,1.233141647222222,4.932566588888888,4.932566588888889,15.000000000000000,900.000000000000000,100.000000000000000,1,900.000000000000000,100.000000000000000
p_i,ALL,2025-06-18 21:15:00,20250618,211500,2025-06-18 22:15:00,22,2025-06-18,3.229420350000000,12.917681400000001,4.305893799999999,15.000000000000000,900.000000000000000,100.000000000000000,1,900.000000000000000,100.000000000000000
p_i,L1,2025-06-18 21:30:00,20250618,213000,2025-06-18 22:30:00,22,2025-06-18,0.277339952777778,1.109359811111113,1.109359811111111,15.000000000000000,900.000000000000000,100.000000000000000,1,900.000000000000000,100.000000000000000
p_i,L2,2025-06-18 21:30:00,20250618,213000,2025-06-18 22:30:00,22,2025-06-18,0.178325241666667,0.713300966666667,0.713300966666668,15.000000000000000,900.000000000000000,100.000000000000000,1,900.000000000000000,100.000000000000000
p_i,L3,2025-06-18 21:30:00,20250618,213000,2025-06-18 22:30:00,22,2025-06-18,0.394872733333334,1.579490933333334,1.579490933333336,15.000000000000000,900.000000000000000,100.000000000000000,1,900.000000000000000,100.000000000000000
p_i,ALL,2025-06-18 21:30:00,20250618,213000,2025-06-18 22:30:00,22,2025-06-18,0.850537927777778,3.402151711111114,1.134050570370372,15.000000000000000,900.000000000000000,100.000000000000000,1,900.000000000000000,100.000000000000000
p_i,L1,2025-06-18 21:45:00,20250618,214500,2025-06-18 22:45:00,22,2025-06-18,0.185509766666667,0.742039066666667,0.742039066666667,15.000000000000000,900.000000000000000,100.000000000000000,1,900.000000000000000,100.000000000000000
p_i,L2,2025-06-18 21:45:00,20250618,214500,2025-06-18 22:45:00,22,2025-06-18,0.222810747222222,0.891242988888888,0.891242988888889,15.000000000000000,900.000000000000000,100.000000000000000,1,900.000000000000000,100.000000000000000
p_i,L3,2025-06-18 21:45:00,20250618,214500,2025-06-18 22:45:00,22,2025-06-18,0.301887286111111,1.207549144444445,1.207549144444445,15.000000000000000,900.000000000000000,100.000000000000000,1,900.000000000000000,100.000000000000000
p_i,ALL,2025-06-18 21:45:00,20250618,214500,2025-06-18 22:45:00,22,2025-06-18,0.710207800000000,2.840831200000000,0.946943733333334,15.000000000000000,900.000000000000000,100.000000000000000,1,900.000000000000000,100.000000000000000
p_i,L1,2025-06-18 22:00:00,20250618,220000,2025-06-18 23:00:00,23,2025-06-18,0.555059700000000,2.220238800000001,2.220238800000000,15.000000000000000,900.000000000000000,100.000000000000000,1,900.000000000000000,100.000000000000000
p_i,L2,2025-06-18 22:00:00,20250618,220000,2025-06-18 23:00:00,23,2025-06-18,0.722044102777778,2.888176411111113,2.888176411111108,15.000000000000000,900.000000000000000,100.000000000000000,1,900.000000000000000,100.000000000000000
p_i,L3,2025-06-18 22:00:00,20250618,220000,2025-06-18 23:00:00,23,2025-06-18,0.679371091666666,2.717484366666665,2.717484366666671,15.000000000000000,900.000000000000000,100.000000000000000,1,900.000000000000000,100.000000000000000
p_i,ALL,2025-06-18 22:00:00,20250618,220000,2025-06-18 23:00:00,23,2025-06-18,1.956474894444445,7.825899577777778,2.608633192592593,15.000000000000000,900.000000000000000,100.000000000000000,1,900.000000000000000,100.000000000000000
p_i,L1,2025-06-18 22:15:00,20250618,221500,2025-06-18 23:15:00,23,2025-06-18,0.474947405555555,1.899789622222221,1.899789622222220,15.000000000000000,900.000000000000000,100.000000000000000,1,900.000000000000000,100.000000000000000
p_i,L2,2025-06-18 22:15:00,20250618,221500,2025-06-18 23:15:00,23,2025-06-18,0.614107372222222,2.456429488888887,2.456429488888890,15.000000000000000,900.000000000000000,100.000000000000000,1,900.000000000000000,100.000000000000000
p_i,L3,2025-06-18 22:15:00,20250618,221500,2025-06-18 23:15:00,23,2025-06-18,0.598371861111112,2.393487444444446,2.393487444444444,15.000000000000000,900.000000000000000,100.000000000000000,1,900.000000000000000,100.000000000000000
p_i,ALL,2025-06-18 22:15:00,20250618,221500,2025-06-18 23:15:00,23,2025-06-18,1.687426638888889,6.749706555555555,2.249902185185185,15.000000000000000,900.000000000000000,100.000000000000000,1,900.000000000000000,100.000000000000000
p_i,L1,2025-06-18 22:30:00,20250618,223000,2025-06-18 23:30:00,23,2025-06-18,0.141401183333333,0.565604733333333,0.565604733333333,15.000000000000000,900.000000000000000,100.000000000000000,1,900.000000000000000,100.000000000000000
p_i,L2,2025-06-18 22:30:00,20250618,223000,2025-06-18 23:30:00,23,2025-06-18,0.109251219444444,0.437004877777778,0.437004877777778,15.000000000000000,900.000000000000000,100.000000000000000,1,900.000000000000000,100.000000000000000
p_i,L3,2025-06-18 22:30:00,20250618,223000,2025-06-18 23:30:00,23,2025-06-18,0.256611772222222,1.026447088888889,1.026447088888889,15.000000000000000,900.000000000000000,100.000000000000000,1,900.000000000000000,100.000000000000000
p_i,ALL,2025-06-18 22:30:00,20250618,223000,2025-06-18 23:30:00,23,2025-06-18,0.507264175000000,2.029056700000000,0.676352233333334,15.000000000000000,900.000000000000000,100.000000000000000,1,900.000000000000000,100.000000000000000
p_i,L1,2025-06-18 22:45:00,20250618,224500,2025-06-18 23:45:00,23,2025-06-18,0.652745744444445,2.610982977777779,2.610982977777777,15.000000000000000,900.000000000000000,100.000000000000000,1,900.000000000000000,100.000000000000000
p_i,L2,2025-06-18 22:45:00,20250618,224500,2025-06-18 23:45:00,23,2025-06-18,0.510042005555556,2.040168022222223,2.040168022222223,15.000000000000000,900.000000000000000,100.000000000000000,1,900.000000000000000,100.000000000000000
p_i,L3,2025-06-18 22:45:00,20250618,224500,2025-06-18 23:45:00,23,2025-06-18,0.779024630555556,3.116098522222223,3.116098522222222,15.000000000000000,900.000000000000000,100.000000000000000,1,900.000000000000000,100.000000000000000
p_i,ALL,2025-06-18 22:45:00,20250618,224500,2025-06-18 23:45:00,23,2025-06-18,1.941812380555556,7.767249522222224,2.589083174074074,15.000000000000000,900.000000000000000,100.000000000000000,1,900.000000000000000,100.000000000000000
p_i,L1,2025-06-18 23:00:00,20250618,230000,2025-06-19 00:00:00,0,2025-06-19,1.361525158333334,5.446100633333337,5.446100633333335,15.000000000000000,900.000000000000000,100.000000000000000,1,900.000000000000000,100.000000000000000
p_i,L2,2025-06-18 23:00:00,20250618,230000,2025-06-19 00:00:00,0,2025-06-19,1.287810977777778,5.151243911111112,5.151243911111103,15.000000000000000,900.000000000000000,100.000000000000000,1,900.000000000000000,100.000000000000000
p_i,L3,2025-06-18 23:00:00,20250618,230000,2025-06-19 00:00:00,0,2025-06-19,1.501276811111112,6.005107244444448,6.005107244444443,15.000000000000000,900.000000000000000,100.000000000000000,1,900.000000000000000,100.000000000000000
p_i,ALL,2025-06-18 23:00:00,20250618,230000,2025-06-19 00:00:00,0,2025-06-19,4.150612947222225,16.602451788888899,5.534150596296294,15.000000000000000,900.000000000000000,100.000000000000000,1,900.000000000000000,100.000000000000000
p_i,L1,2025-06-18 23:15:00,20250618,231500,2025-06-19 00:15:00,0,2025-06-19,0.802253847222222,3.209015388888888,3.209015388888888,15.000000000000000,900.000000000000000,100.000000000000000,1,900.000000000000000,100.000000000000000
p_i,L2,2025-06-18 23:15:00,20250618,231500,2025-06-19 00:15:00,0,2025-06-19,0.892680222222222,3.570720888888887,3.570720888888883,15.000000000000000,900.000000000000000,100.000000000000000,1,900.000000000000000,100.000000000000000
p_i,L3,2025-06-18 23:15:00,20250618,231500,2025-06-19 00:15:00,0,2025-06-19,0.932101141666666,3.728404566666666,3.728404566666663,15.000000000000000,900.000000000000000,100.000000000000000,1,900.000000000000000,100.000000000000000
p_i,ALL,2025-06-18 23:15:00,20250618,231500,2025-06-19 00:15:00,0,2025-06-19,2.627035211111110,10.508140844444441,3.502713614814811,15.000000000000000,900.000000000000000,100.000000000000000,1,900.000000000000000,100.000000000000000
p_i,L1,2025-06-18 23:30:00,20250618,233000,2025-06-19 00:30:00,0,2025-06-19,0.067798411111111,0.271193644444444,0.271193644444444,15.000000000000000,900.000000000000000,100.000000000000000,1,900.000000000000000,100.000000000000000
p_i,L2,2025-06-18 23:30:00,20250618,233000,2025-06-19 00:30:00,0,2025-06-19,0.064469102777778,0.257876411111111,0.257876411111112,15.000000000000000,900.000000000000000,100.000000000000000,1,900.000000000000000,100.000000000000000
p_i,L3,2025-06-18 23:30:00,20250618,233000,2025-06-19 00:30:00,0,2025-06-19,0.182770430555555,0.731081722222221,0.731081722222222,15.000000000000000,900.000000000000000,100.000000000000000,1,900.000000000000000,100.000000000000000
p_i,ALL,2025-06-18 23:30:00,20250618,233000,2025-06-19 00:30:00,0,2025-06-19,0.315037944444444,1.260151777777777,0.420050592592593,15.000000000000000,900.000000000000000,100.000000000000000,1,900.000000000000000,100.000000000000000
p_i,L1,2025-06-18 23:45:00,20250618,234500,2025-06-19 00:45:00,0,2025-06-19,0.076372108333333,0.305488433333333,0.305488433333333,15.000000000000000,900.000000000000000,100.000000000000000,1,900.000000000000000,100.000000000000000
p_i,L2,2025-06-18 23:45:00,20250618,234500,2025-06-19 00:45:00,0,2025-06-19,0.075432813888889,0.301731255555556,0.301731255555556,15.000000000000000,900.000000000000000,100.000000000000000,1,900.000000000000000,100.000000000000000
p_i,L3,2025-06-18 23:45:00,20250618,234500,2025-06-19 00:45:00,0,2025-06-19,0.191690575000000,0.766762300000000,0.766762300000000,15.000000000000000,900.000000000000000,100.000000000000000,1,900.000000000000000,100.000000000000000
p_i,ALL,2025-06-18 23:45:00,20250618,234500,2025-06-19 00:45:00,0,2025-06-19,0.343495497222222,1.373981988888889,0.457993996296296,15.000000000000000,900.000000000000000,100.000000000000000,1,900.000000000000000,100.000000000000000
